Sequence number	Sequence ID	V-DOMAIN Functionality	V-GENE and allele	V-REGION Nb of positions including IMGT gaps (nt)	V-REGION Nb of nucleotides	V-REGION Nb of identical nucleotides	V-REGION Nb of mutations	V-REGION Nb of silent mutations	V-REGION Nb of nonsilent mutations	V-REGION a>g	V-REGION g>a	V-REGION c>t	V-REGION t>c	V-REGION a>c	V-REGION c>a	V-REGION a>t	V-REGION t>a	V-REGION g>c	V-REGION c>g	V-REGION g>t	V-REGION t>g	FR1-IMGT Nb of positions including IMGT gaps (nt)	FR1-IMGT Nb of nucleotides	FR1-IMGT Nb of identical nucleotides	FR1-IMGT Nb of mutations	FR1-IMGT Nb of silent mutations	FR1-IMGT Nb of nonsilent mutations	FR1-IMGT a>g	FR1-IMGT g>a	FR1-IMGT c>t	FR1-IMGT t>c	FR1-IMGT a>c	FR1-IMGT c>a	FR1-IMGT a>t	FR1-IMGT t>a	FR1-IMGT g>c	FR1-IMGT c>g	FR1-IMGT g>t	FR1-IMGT t>g	CDR1-IMGT Nb of positions including IMGT gaps (nt)	CDR1-IMGT Nb of nucleotides	CDR1-IMGT Nb of identical nucleotides	CDR1-IMGT Nb of mutations	CDR1-IMGT Nb of silent mutations	CDR1-IMGT Nb of nonsilent mutations	CDR1-IMGT a>g	CDR1-IMGT g>a	CDR1-IMGT c>t	CDR1-IMGT t>c	CDR1-IMGT a>c	CDR1-IMGT c>a	CDR1-IMGT a>t	CDR1-IMGT t>a	CDR1-IMGT g>c	CDR1-IMGT c>g	CDR1-IMGT g>t	CDR1-IMGT t>g	FR2-IMGT Nb of positions including IMGT gaps (nt)	FR2-IMGT Nb of nucleotides	FR2-IMGT Nb of identical nucleotides	FR2-IMGT Nb of mutations	FR2-IMGT Nb of silent mutations	FR2-IMGT Nb of nonsilent mutations	FR2-IMGT a>g	FR2-IMGT g>a	FR2-IMGT c>t	FR2-IMGT t>c	FR2-IMGT a>c	FR2-IMGT c>a	FR2-IMGT a>t	FR2-IMGT t>a	FR2-IMGT g>c	FR2-IMGT c>g	FR2-IMGT g>t	FR2-IMGT t>g	CDR2-IMGT Nb of positions including IMGT gaps (nt)	CDR2-IMGT Nb of nucleotides	CDR2-IMGT Nb of identical nucleotides	CDR2-IMGT Nb of mutations	CDR2-IMGT Nb of silent mutations	CDR2-IMGT Nb of nonsilent mutations	CDR2-IMGT a>g	CDR2-IMGT g>a	CDR2-IMGT c>t	CDR2-IMGT t>c	CDR2-IMGT a>c	CDR2-IMGT c>a	CDR2-IMGT a>t	CDR2-IMGT t>a	CDR2-IMGT g>c	CDR2-IMGT c>g	CDR2-IMGT g>t	CDR2-IMGT t>g	FR3-IMGT Nb of positions including IMGT gaps (nt)	FR3-IMGT Nb of nucleotides	FR3-IMGT Nb of identical nucleotides	FR3-IMGT Nb of mutations	FR3-IMGT Nb of silent mutations	FR3-IMGT Nb of nonsilent mutations	FR3-IMGT a>g	FR3-IMGT g>a	FR3-IMGT c>t	FR3-IMGT t>c	FR3-IMGT a>c	FR3-IMGT c>a	FR3-IMGT a>t	FR3-IMGT t>a	FR3-IMGT g>c	FR3-IMGT c>g	FR3-IMGT g>t	FR3-IMGT t>g	CDR3-IMGT Nb of positions including IMGT gaps (nt)	CDR3-IMGT Nb of nucleotides	CDR3-IMGT Nb of identical nucleotides	CDR3-IMGT Nb of mutations	CDR3-IMGT Nb of silent mutations	CDR3-IMGT Nb of nonsilent mutations	CDR3-IMGT a>g	CDR3-IMGT g>a	CDR3-IMGT c>t	CDR3-IMGT t>c	CDR3-IMGT a>c	CDR3-IMGT c>a	CDR3-IMGT a>t	CDR3-IMGT t>a	CDR3-IMGT g>c	CDR3-IMGT c>g	CDR3-IMGT g>t	CDR3-IMGT t>g
1	naive@6	productive	Homsap IGHV3-74*01 F	320	296	296	0	0	0	0	0	0	0	0	0	0	0	0	0	0	0	78	75	75	0	0	0	0	0	0	0	0	0	0	0	0	0	0	0	36	24	24	0	0	0	0	0	0	0	0	0	0	0	0	0	0	0	51	51	51	0	0	0	0	0	0	0	0	0	0	0	0	0	0	0	30	24	24	0	0	0	0	0	0	0	0	0	0	0	0	0	0	0	117	114	114	0	0	0	0	0	0	0	0	0	0	0	0	0	0	0	8	8	8	0	0	0	0	0	0	0	0	0	0	0	0	0	0	0
2	seq6@6	productive	Homsap IGHV3-74*01 F	320	296	295	1	1	0	0	1	0	0	0	0	0	0	0	0	0	0	78	75	74	1	1	0	0	1	0	0	0	0	0	0	0	0	0	0	36	24	24	0	0	0	0	0	0	0	0	0	0	0	0	0	0	0	51	51	51	0	0	0	0	0	0	0	0	0	0	0	0	0	0	0	30	24	24	0	0	0	0	0	0	0	0	0	0	0	0	0	0	0	117	114	114	0	0	0	0	0	0	0	0	0	0	0	0	0	0	0	8	8	8	0	0	0	0	0	0	0	0	0	0	0	0	0	0	0
3	seq7@2	productive	Homsap IGHV3-74*01 F	320	296	292	4	1	3	0	2	1	0	0	0	0	0	0	0	1	0	78	75	74	1	0	1	0	1	0	0	0	0	0	0	0	0	0	0	36	24	24	0	0	0	0	0	0	0	0	0	0	0	0	0	0	0	51	51	49	2	1	1	0	0	1	0	0	0	0	0	0	0	1	0	30	24	24	0	0	0	0	0	0	0	0	0	0	0	0	0	0	0	117	114	113	1	0	1	0	1	0	0	0	0	0	0	0	0	0	0	8	8	8	0	0	0	0	0	0	0	0	0	0	0	0	0	0	0
4	seq10@4	productive	Homsap IGHV3-74*01 F	320	296	295	1	0	1	0	1	0	0	0	0	0	0	0	0	0	0	78	75	75	0	0	0	0	0	0	0	0	0	0	0	0	0	0	0	36	24	24	0	0	0	0	0	0	0	0	0	0	0	0	0	0	0	51	51	51	0	0	0	0	0	0	0	0	0	0	0	0	0	0	0	30	24	24	0	0	0	0	0	0	0	0	0	0	0	0	0	0	0	117	114	113	1	0	1	0	1	0	0	0	0	0	0	0	0	0	0	8	8	8	0	0	0	0	0	0	0	0	0	0	0	0	0	0	0
5	seq17@2	productive	Homsap IGHV3-74*01 F	320	296	290	6	0	6	1	1	0	1	0	0	0	1	1	0	1	0	78	75	74	1	0	1	0	0	0	0	0	0	0	0	1	0	0	0	36	24	24	0	0	0	0	0	0	0	0	0	0	0	0	0	0	0	51	51	50	1	0	1	0	0	0	0	0	0	0	0	0	0	1	0	30	24	24	0	0	0	0	0	0	0	0	0	0	0	0	0	0	0	117	114	110	4	0	4	1	1	0	1	0	0	0	1	0	0	0	0	8	8	8	0	0	0	0	0	0	0	0	0	0	0	0	0	0	0
6	seq18@4	productive	Homsap IGHV3-74*01 F	320	296	291	5	0	5	1	1	0	0	0	0	0	1	1	0	1	0	78	75	74	1	0	1	0	0	0	0	0	0	0	0	1	0	0	0	36	24	24	0	0	0	0	0	0	0	0	0	0	0	0	0	0	0	51	51	50	1	0	1	0	0	0	0	0	0	0	0	0	0	1	0	30	24	24	0	0	0	0	0	0	0	0	0	0	0	0	0	0	0	117	114	111	3	0	3	1	1	0	0	0	0	0	1	0	0	0	0	8	8	8	0	0	0	0	0	0	0	0	0	0	0	0	0	0	0
7	seq20@2	productive	Homsap IGHV3-74*01 F	320	296	294	2	1	1	0	2	0	0	0	0	0	0	0	0	0	0	78	75	74	1	1	0	0	1	0	0	0	0	0	0	0	0	0	0	36	24	24	0	0	0	0	0	0	0	0	0	0	0	0	0	0	0	51	51	51	0	0	0	0	0	0	0	0	0	0	0	0	0	0	0	30	24	24	0	0	0	0	0	0	0	0	0	0	0	0	0	0	0	117	114	113	1	0	1	0	1	0	0	0	0	0	0	0	0	0	0	8	8	8	0	0	0	0	0	0	0	0	0	0	0	0	0	0	0
8	seq22@1	productive	Homsap IGHV3-74*01 F	320	296	294	2	0	2	0	1	0	1	0	0	0	0	0	0	0	0	78	75	75	0	0	0	0	0	0	0	0	0	0	0	0	0	0	0	36	24	24	0	0	0	0	0	0	0	0	0	0	0	0	0	0	0	51	51	50	1	0	1	0	0	0	1	0	0	0	0	0	0	0	0	30	24	24	0	0	0	0	0	0	0	0	0	0	0	0	0	0	0	117	114	113	1	0	1	0	1	0	0	0	0	0	0	0	0	0	0	8	8	8	0	0	0	0	0	0	0	0	0	0	0	0	0	0	0
9	seq30@2	productive	Homsap IGHV3-74*01 F	320	296	294	2	2	0	0	1	0	1	0	0	0	0	0	0	0	0	78	75	74	1	1	0	0	1	0	0	0	0	0	0	0	0	0	0	36	24	24	0	0	0	0	0	0	0	0	0	0	0	0	0	0	0	51	51	50	1	1	0	0	0	0	1	0	0	0	0	0	0	0	0	30	24	24	0	0	0	0	0	0	0	0	0	0	0	0	0	0	0	117	114	114	0	0	0	0	0	0	0	0	0	0	0	0	0	0	0	8	8	8	0	0	0	0	0	0	0	0	0	0	0	0	0	0	0
10	seq31@2	productive	Homsap IGHV3-74*01 F	320	296	289	7	3	4	1	3	1	1	0	0	0	0	0	0	1	0	78	75	73	2	0	2	1	1	0	0	0	0	0	0	0	0	0	0	36	24	24	0	0	0	0	0	0	0	0	0	0	0	0	0	0	0	51	51	49	2	1	1	0	0	1	0	0	0	0	0	0	0	1	0	30	24	24	0	0	0	0	0	0	0	0	0	0	0	0	0	0	0	117	114	111	3	2	1	0	2	0	1	0	0	0	0	0	0	0	0	8	8	8	0	0	0	0	0	0	0	0	0	0	0	0	0	0	0
11	seq32@1	productive	Homsap IGHV3-74*01 F	320	296	290	6	1	5	1	2	1	0	0	0	0	0	0	0	1	1	78	75	73	2	0	2	1	1	0	0	0	0	0	0	0	0	0	0	36	24	23	1	0	1	0	0	0	0	0	0	0	0	0	0	0	1	51	51	49	2	1	1	0	0	1	0	0	0	0	0	0	0	1	0	30	24	24	0	0	0	0	0	0	0	0	0	0	0	0	0	0	0	117	114	113	1	0	1	0	1	0	0	0	0	0	0	0	0	0	0	8	8	8	0	0	0	0	0	0	0	0	0	0	0	0	0	0	0
12	seq39@1	productive	Homsap IGHV3-74*01 F	320	296	293	3	1	2	0	2	0	0	0	1	0	0	0	0	0	0	78	75	74	1	1	0	0	1	0	0	0	0	0	0	0	0	0	0	36	24	24	0	0	0	0	0	0	0	0	0	0	0	0	0	0	0	51	51	51	0	0	0	0	0	0	0	0	0	0	0	0	0	0	0	30	24	24	0	0	0	0	0	0	0	0	0	0	0	0	0	0	0	117	114	112	2	0	2	0	1	0	0	0	1	0	0	0	0	0	0	8	8	8	0	0	0	0	0	0	0	0	0	0	0	0	0	0	0
13	seq40@1	productive	Homsap IGHV3-74*01 F	320	296	293	3	2	1	0	2	0	1	0	0	0	0	0	0	0	0	78	75	74	1	1	0	0	1	0	0	0	0	0	0	0	0	0	0	36	24	24	0	0	0	0	0	0	0	0	0	0	0	0	0	0	0	51	51	51	0	0	0	0	0	0	0	0	0	0	0	0	0	0	0	30	24	23	1	1	0	0	0	0	1	0	0	0	0	0	0	0	0	117	114	113	1	0	1	0	1	0	0	0	0	0	0	0	0	0	0	8	8	8	0	0	0	0	0	0	0	0	0	0	0	0	0	0	0
14	seq41@1	productive	Homsap IGHV3-74*01 F	320	296	293	3	1	2	1	2	0	0	0	0	0	0	0	0	0	0	78	75	73	2	1	1	1	1	0	0	0	0	0	0	0	0	0	0	36	24	24	0	0	0	0	0	0	0	0	0	0	0	0	0	0	0	51	51	51	0	0	0	0	0	0	0	0	0	0	0	0	0	0	0	30	24	24	0	0	0	0	0	0	0	0	0	0	0	0	0	0	0	117	114	113	1	0	1	0	1	0	0	0	0	0	0	0	0	0	0	8	8	8	0	0	0	0	0	0	0	0	0	0	0	0	0	0	0
15	seq47@1	productive	Homsap IGHV3-74*01 F	320	296	295	1	0	1	0	1	0	0	0	0	0	0	0	0	0	0	78	75	75	0	0	0	0	0	0	0	0	0	0	0	0	0	0	0	36	24	24	0	0	0	0	0	0	0	0	0	0	0	0	0	0	0	51	51	50	1	0	1	0	1	0	0	0	0	0	0	0	0	0	0	30	24	24	0	0	0	0	0	0	0	0	0	0	0	0	0	0	0	117	114	114	0	0	0	0	0	0	0	0	0	0	0	0	0	0	0	8	8	8	0	0	0	0	0	0	0	0	0	0	0	0	0	0	0
16	seq50@1	productive	Homsap IGHV3-74*01 F	320	296	295	1	0	1	0	0	0	0	0	0	0	0	0	0	1	0	78	75	74	1	0	1	0	0	0	0	0	0	0	0	0	0	1	0	36	24	24	0	0	0	0	0	0	0	0	0	0	0	0	0	0	0	51	51	51	0	0	0	0	0	0	0	0	0	0	0	0	0	0	0	30	24	24	0	0	0	0	0	0	0	0	0	0	0	0	0	0	0	117	114	114	0	0	0	0	0	0	0	0	0	0	0	0	0	0	0	8	8	8	0	0	0	0	0	0	0	0	0	0	0	0	0	0	0
17	seq53@2	productive	Homsap IGHV3-74*01 F	320	296	294	2	0	2	1	0	0	1	0	0	0	0	0	0	0	0	78	75	75	0	0	0	0	0	0	0	0	0	0	0	0	0	0	0	36	24	24	0	0	0	0	0	0	0	0	0	0	0	0	0	0	0	51	51	51	0	0	0	0	0	0	0	0	0	0	0	0	0	0	0	30	24	24	0	0	0	0	0	0	0	0	0	0	0	0	0	0	0	117	114	112	2	0	2	1	0	0	1	0	0	0	0	0	0	0	0	8	8	8	0	0	0	0	0	0	0	0	0	0	0	0	0	0	0
18	seq54@2	productive	Homsap IGHV3-74*01 F	320	296	295	1	0	1	0	0	0	0	0	1	0	0	0	0	0	0	78	75	74	1	0	1	0	0	0	0	0	1	0	0	0	0	0	0	36	24	24	0	0	0	0	0	0	0	0	0	0	0	0	0	0	0	51	51	51	0	0	0	0	0	0	0	0	0	0	0	0	0	0	0	30	24	24	0	0	0	0	0	0	0	0	0	0	0	0	0	0	0	117	114	114	0	0	0	0	0	0	0	0	0	0	0	0	0	0	0	8	8	8	0	0	0	0	0	0	0	0	0	0	0	0	0	0	0
19	seq62@2	productive	Homsap IGHV3-74*01 F	320	296	292	4	2	2	0	2	0	2	0	0	0	0	0	0	0	0	78	75	74	1	1	0	0	1	0	0	0	0	0	0	0	0	0	0	36	24	24	0	0	0	0	0	0	0	0	0	0	0	0	0	0	0	51	51	50	1	1	0	0	0	0	1	0	0	0	0	0	0	0	0	30	24	24	0	0	0	0	0	0	0	0	0	0	0	0	0	0	0	117	114	112	2	0	2	0	1	0	1	0	0	0	0	0	0	0	0	8	8	8	0	0	0	0	0	0	0	0	0	0	0	0	0	0	0
20	seq69@1	productive	Homsap IGHV3-74*01 F	320	296	291	5	1	4	0	3	1	0	0	0	0	0	0	0	1	0	78	75	74	1	0	1	0	1	0	0	0	0	0	0	0	0	0	0	36	24	24	0	0	0	0	0	0	0	0	0	0	0	0	0	0	0	51	51	49	2	1	1	0	0	1	0	0	0	0	0	0	0	1	0	30	24	24	0	0	0	0	0	0	0	0	0	0	0	0	0	0	0	117	114	112	2	0	2	0	2	0	0	0	0	0	0	0	0	0	0	8	8	8	0	0	0	0	0	0	0	0	0	0	0	0	0	0	0
21	seq70@1	productive	Homsap IGHV3-74*01 F	320	296	288	8	0	8	1	1	0	3	0	0	0	1	1	0	1	0	78	75	73	2	0	2	0	0	0	1	0	0	0	0	1	0	0	0	36	24	23	1	0	1	0	0	0	1	0	0	0	0	0	0	0	0	51	51	50	1	0	1	0	0	0	0	0	0	0	0	0	0	1	0	30	24	24	0	0	0	0	0	0	0	0	0	0	0	0	0	0	0	117	114	110	4	0	4	1	1	0	1	0	0	0	1	0	0	0	0	8	8	8	0	0	0	0	0	0	0	0	0	0	0	0	0	0	0
22	seq71@2	productive	Homsap IGHV3-74*01 F	320	296	289	7	0	7	1	1	1	1	0	0	0	1	1	0	1	0	78	75	74	1	0	1	0	0	0	0	0	0	0	0	1	0	0	0	36	24	24	0	0	0	0	0	0	0	0	0	0	0	0	0	0	0	51	51	49	2	0	2	0	0	1	0	0	0	0	0	0	0	1	0	30	24	24	0	0	0	0	0	0	0	0	0	0	0	0	0	0	0	117	114	110	4	0	4	1	1	0	1	0	0	0	1	0	0	0	0	8	8	8	0	0	0	0	0	0	0	0	0	0	0	0	0	0	0
23	seq77@1	productive	Homsap IGHV3-74*01 F	320	296	290	6	0	6	1	2	0	0	0	0	0	1	1	0	1	0	78	75	74	1	0	1	0	0	0	0	0	0	0	0	1	0	0	0	36	24	24	0	0	0	0	0	0	0	0	0	0	0	0	0	0	0	51	51	50	1	0	1	0	0	0	0	0	0	0	0	0	0	1	0	30	24	24	0	0	0	0	0	0	0	0	0	0	0	0	0	0	0	117	114	110	4	0	4	1	2	0	0	0	0	0	1	0	0	0	0	8	8	8	0	0	0	0	0	0	0	0	0	0	0	0	0	0	0
24	seq78@1	productive	Homsap IGHV3-74*01 F	320	296	293	3	1	2	0	2	0	0	0	1	0	0	0	0	0	0	78	75	74	1	1	0	0	1	0	0	0	0	0	0	0	0	0	0	36	24	24	0	0	0	0	0	0	0	0	0	0	0	0	0	0	0	51	51	51	0	0	0	0	0	0	0	0	0	0	0	0	0	0	0	30	24	24	0	0	0	0	0	0	0	0	0	0	0	0	0	0	0	117	114	112	2	0	2	0	1	0	0	0	1	0	0	0	0	0	0	8	8	8	0	0	0	0	0	0	0	0	0	0	0	0	0	0	0
25	seq80@1	productive	Homsap IGHV3-74*01 F	320	296	292	4	2	2	0	3	0	1	0	0	0	0	0	0	0	0	78	75	74	1	1	0	0	1	0	0	0	0	0	0	0	0	0	0	36	24	24	0	0	0	0	0	0	0	0	0	0	0	0	0	0	0	51	51	51	0	0	0	0	0	0	0	0	0	0	0	0	0	0	0	30	24	23	1	1	0	0	0	0	1	0	0	0	0	0	0	0	0	117	114	112	2	0	2	0	2	0	0	0	0	0	0	0	0	0	0	8	8	8	0	0	0	0	0	0	0	0	0	0	0	0	0	0	0
26	seq89@2	productive	Homsap IGHV3-74*01 F	320	296	292	4	1	3	0	2	1	1	0	0	0	0	0	0	0	0	78	75	74	1	0	1	0	1	0	0	0	0	0	0	0	0	0	0	36	24	24	0	0	0	0	0	0	0	0	0	0	0	0	0	0	0	51	51	50	1	0	1	0	0	0	1	0	0	0	0	0	0	0	0	30	24	24	0	0	0	0	0	0	0	0	0	0	0	0	0	0	0	117	114	112	2	1	1	0	1	1	0	0	0	0	0	0	0	0	0	8	8	8	0	0	0	0	0	0	0	0	0	0	0	0	0	0	0
27	seq90@2	productive	Homsap IGHV3-74*01 F	320	296	293	3	0	3	1	1	0	1	0	0	0	0	0	0	0	0	78	75	75	0	0	0	0	0	0	0	0	0	0	0	0	0	0	0	36	24	24	0	0	0	0	0	0	0	0	0	0	0	0	0	0	0	51	51	50	1	0	1	0	0	0	1	0	0	0	0	0	0	0	0	30	24	24	0	0	0	0	0	0	0	0	0	0	0	0	0	0	0	117	114	112	2	0	2	1	1	0	0	0	0	0	0	0	0	0	0	8	8	8	0	0	0	0	0	0	0	0	0	0	0	0	0	0	0
28	seq93@1	productive	Homsap IGHV3-74*01 F	320	296	295	1	0	1	0	1	0	0	0	0	0	0	0	0	0	0	78	75	75	0	0	0	0	0	0	0	0	0	0	0	0	0	0	0	36	24	24	0	0	0	0	0	0	0	0	0	0	0	0	0	0	0	51	51	50	1	0	1	0	1	0	0	0	0	0	0	0	0	0	0	30	24	24	0	0	0	0	0	0	0	0	0	0	0	0	0	0	0	117	114	114	0	0	0	0	0	0	0	0	0	0	0	0	0	0	0	8	8	8	0	0	0	0	0	0	0	0	0	0	0	0	0	0	0
29	seq100@2	productive	Homsap IGHV3-74*01 F	320	296	294	2	0	2	1	0	0	0	0	0	0	0	0	0	1	0	78	75	74	1	0	1	0	0	0	0	0	0	0	0	0	0	1	0	36	24	24	0	0	0	0	0	0	0	0	0	0	0	0	0	0	0	51	51	51	0	0	0	0	0	0	0	0	0	0	0	0	0	0	0	30	24	24	0	0	0	0	0	0	0	0	0	0	0	0	0	0	0	117	114	113	1	0	1	1	0	0	0	0	0	0	0	0	0	0	0	8	8	8	0	0	0	0	0	0	0	0	0	0	0	0	0	0	0
30	seq103@1	productive	Homsap IGHV3-74*01 F	320	296	295	1	1	0	0	1	0	0	0	0	0	0	0	0	0	0	78	75	74	1	1	0	0	1	0	0	0	0	0	0	0	0	0	0	36	24	24	0	0	0	0	0	0	0	0	0	0	0	0	0	0	0	51	51	51	0	0	0	0	0	0	0	0	0	0	0	0	0	0	0	30	24	24	0	0	0	0	0	0	0	0	0	0	0	0	0	0	0	117	114	114	0	0	0	0	0	0	0	0	0	0	0	0	0	0	0	8	8	8	0	0	0	0	0	0	0	0	0	0	0	0	0	0	0
31	seq106@2	productive	Homsap IGHV3-74*01 F	320	296	290	6	3	3	0	1	1	0	0	1	2	0	0	1	0	0	78	75	72	3	1	2	0	1	0	0	0	1	0	0	0	1	0	0	36	24	24	0	0	0	0	0	0	0	0	0	0	0	0	0	0	0	51	51	50	1	1	0	0	0	0	0	0	0	1	0	0	0	0	0	30	24	24	0	0	0	0	0	0	0	0	0	0	0	0	0	0	0	117	114	112	2	1	1	0	0	1	0	0	0	1	0	0	0	0	0	8	8	8	0	0	0	0	0	0	0	0	0	0	0	0	0	0	0
32	seq111@2	productive	Homsap IGHV3-74*01 F	320	296	294	2	2	0	0	1	0	0	0	0	0	0	1	0	0	0	78	75	74	1	1	0	0	1	0	0	0	0	0	0	0	0	0	0	36	24	24	0	0	0	0	0	0	0	0	0	0	0	0	0	0	0	51	51	51	0	0	0	0	0	0	0	0	0	0	0	0	0	0	0	30	24	24	0	0	0	0	0	0	0	0	0	0	0	0	0	0	0	117	114	113	1	1	0	0	0	0	0	0	0	0	0	1	0	0	0	8	8	8	0	0	0	0	0	0	0	0	0	0	0	0	0	0	0
33	seq113@1	productive	Homsap IGHV3-74*01 F	320	296	293	3	2	1	0	3	0	0	0	0	0	0	0	0	0	0	78	75	73	2	2	0	0	2	0	0	0	0	0	0	0	0	0	0	36	24	24	0	0	0	0	0	0	0	0	0	0	0	0	0	0	0	51	51	51	0	0	0	0	0	0	0	0	0	0	0	0	0	0	0	30	24	24	0	0	0	0	0	0	0	0	0	0	0	0	0	0	0	117	114	113	1	0	1	0	1	0	0	0	0	0	0	0	0	0	0	8	8	8	0	0	0	0	0	0	0	0	0	0	0	0	0	0	0
34	seq120@2	productive	Homsap IGHV3-74*02 F	318	294	290	4	2	2	0	2	0	2	0	0	0	0	0	0	0	0	78	75	74	1	1	0	0	1	0	0	0	0	0	0	0	0	0	0	36	24	24	0	0	0	0	0	0	0	0	0	0	0	0	0	0	0	51	51	50	1	1	0	0	0	0	1	0	0	0	0	0	0	0	0	30	24	24	0	0	0	0	0	0	0	0	0	0	0	0	0	0	0	117	114	112	2	0	2	0	1	0	1	0	0	0	0	0	0	0	0	6	6	6	0	0	0	0	0	0	0	0	0	0	0	0	0	0	0
35	seq123@1	productive	Homsap IGHV3-74*01 F	320	296	288	8	3	5	1	3	1	1	0	0	0	0	0	1	1	0	78	75	73	2	0	2	1	1	0	0	0	0	0	0	0	0	0	0	36	24	24	0	0	0	0	0	0	0	0	0	0	0	0	0	0	0	51	51	48	3	1	2	0	0	1	0	0	0	0	0	0	1	1	0	30	24	24	0	0	0	0	0	0	0	0	0	0	0	0	0	0	0	117	114	111	3	2	1	0	2	0	1	0	0	0	0	0	0	0	0	8	8	8	0	0	0	0	0	0	0	0	0	0	0	0	0	0	0
36	seq125@1	productive	Homsap IGHV3-74*01 F	320	296	289	7	3	4	1	2	1	1	0	0	0	0	0	0	2	0	78	75	73	2	0	2	1	1	0	0	0	0	0	0	0	0	0	0	36	24	24	0	0	0	0	0	0	0	0	0	0	0	0	0	0	0	51	51	49	2	1	1	0	0	1	0	0	0	0	0	0	0	1	0	30	24	24	0	0	0	0	0	0	0	0	0	0	0	0	0	0	0	117	114	111	3	2	1	0	1	0	1	0	0	0	0	0	0	1	0	8	8	8	0	0	0	0	0	0	0	0	0	0	0	0	0	0	0
37	seq126@1	productive	Homsap IGHV3-74*01 F	320	296	290	6	0	6	1	2	0	0	0	1	0	0	0	0	1	1	78	75	73	2	0	2	1	1	0	0	0	0	0	0	0	0	0	0	36	24	23	1	0	1	0	0	0	0	0	0	0	0	0	0	0	1	51	51	50	1	0	1	0	0	0	0	0	0	0	0	0	0	1	0	30	24	24	0	0	0	0	0	0	0	0	0	0	0	0	0	0	0	117	114	112	2	0	2	0	1	0	0	0	1	0	0	0	0	0	0	8	8	8	0	0	0	0	0	0	0	0	0	0	0	0	0	0	0
38	seq127@1	productive	Homsap IGHV3-74*01 F	320	296	290	6	0	6	1	2	0	1	0	0	0	0	0	0	1	1	78	75	73	2	0	2	1	1	0	0	0	0	0	0	0	0	0	0	36	24	23	1	0	1	0	0	0	0	0	0	0	0	0	0	0	1	51	51	49	2	0	2	0	0	0	1	0	0	0	0	0	0	1	0	30	24	24	0	0	0	0	0	0	0	0	0	0	0	0	0	0	0	117	114	113	1	0	1	0	1	0	0	0	0	0	0	0	0	0	0	8	8	8	0	0	0	0	0	0	0	0	0	0	0	0	0	0	0
39	seq128@1	productive	Homsap IGHV3-74*01 F	320	296	288	8	1	7	1	2	1	0	0	0	1	1	0	0	1	1	78	75	72	3	0	3	1	1	0	0	0	0	0	1	0	0	0	0	36	24	23	1	0	1	0	0	0	0	0	0	0	0	0	0	0	1	51	51	49	2	1	1	0	0	1	0	0	0	0	0	0	0	1	0	30	24	24	0	0	0	0	0	0	0	0	0	0	0	0	0	0	0	117	114	112	2	0	2	0	1	0	0	0	0	1	0	0	0	0	0	8	8	8	0	0	0	0	0	0	0	0	0	0	0	0	0	0	0
40	seq130@1	productive	Homsap IGHV3-74*01 F	320	296	291	5	1	4	1	2	1	0	0	0	0	0	0	0	1	0	78	75	74	1	0	1	0	1	0	0	0	0	0	0	0	0	0	0	36	24	24	0	0	0	0	0	0	0	0	0	0	0	0	0	0	0	51	51	49	2	1	1	0	0	1	0	0	0	0	0	0	0	1	0	30	24	24	0	0	0	0	0	0	0	0	0	0	0	0	0	0	0	117	114	112	2	0	2	1	1	0	0	0	0	0	0	0	0	0	0	8	8	8	0	0	0	0	0	0	0	0	0	0	0	0	0	0	0
41	seq134@1	productive	Homsap IGHV3-74*01 F	320	296	290	6	1	5	0	4	1	0	0	0	0	0	0	0	1	0	78	75	73	2	0	2	0	2	0	0	0	0	0	0	0	0	0	0	36	24	24	0	0	0	0	0	0	0	0	0	0	0	0	0	0	0	51	51	49	2	1	1	0	0	1	0	0	0	0	0	0	0	1	0	30	24	24	0	0	0	0	0	0	0	0	0	0	0	0	0	0	0	117	114	112	2	0	2	0	2	0	0	0	0	0	0	0	0	0	0	8	8	8	0	0	0	0	0	0	0	0	0	0	0	0	0	0	0
42	seq135@1	productive	Homsap IGHV3-74*01 F	320	296	287	9	0	9	1	1	0	3	0	0	0	1	2	0	1	0	78	75	73	2	0	2	0	0	0	1	0	0	0	0	1	0	0	0	36	24	23	1	0	1	0	0	0	1	0	0	0	0	0	0	0	0	51	51	49	2	0	2	0	0	0	0	0	0	0	0	1	0	1	0	30	24	24	0	0	0	0	0	0	0	0	0	0	0	0	0	0	0	117	114	110	4	0	4	1	1	0	1	0	0	0	1	0	0	0	0	8	8	8	0	0	0	0	0	0	0	0	0	0	0	0	0	0	0
43	seq139@1	productive	Homsap IGHV3-74*01 F	320	296	289	7	1	6	1	1	0	1	0	1	0	1	1	0	1	0	78	75	74	1	0	1	0	0	0	0	0	0	0	0	1	0	0	0	36	24	24	0	0	0	0	0	0	0	0	0	0	0	0	0	0	0	51	51	50	1	0	1	0	0	0	0	0	0	0	0	0	0	1	0	30	24	24	0	0	0	0	0	0	0	0	0	0	0	0	0	0	0	117	114	109	5	1	4	1	1	0	1	0	1	0	1	0	0	0	0	8	8	8	0	0	0	0	0	0	0	0	0	0	0	0	0	0	0
44	seq142@1	productive	Homsap IGHV3-74*01 F	320	296	289	7	0	7	1	1	0	1	0	0	0	1	1	1	1	0	78	75	74	1	0	1	0	0	0	0	0	0	0	0	1	0	0	0	36	24	24	0	0	0	0	0	0	0	0	0	0	0	0	0	0	0	51	51	49	2	0	2	0	0	0	0	0	0	0	0	0	1	1	0	30	24	24	0	0	0	0	0	0	0	0	0	0	0	0	0	0	0	117	114	110	4	0	4	1	1	0	1	0	0	0	1	0	0	0	0	8	8	8	0	0	0	0	0	0	0	0	0	0	0	0	0	0	0
45	seq144@1	productive	Homsap IGHV3-74*01 F	320	296	288	8	1	7	1	3	1	0	0	0	0	1	1	0	1	0	78	75	72	3	0	3	0	1	1	0	0	0	0	0	1	0	0	0	36	24	24	0	0	0	0	0	0	0	0	0	0	0	0	0	0	0	51	51	50	1	0	1	0	0	0	0	0	0	0	0	0	0	1	0	30	24	24	0	0	0	0	0	0	0	0	0	0	0	0	0	0	0	117	114	110	4	1	3	1	2	0	0	0	0	0	1	0	0	0	0	8	8	8	0	0	0	0	0	0	0	0	0	0	0	0	0	0	0
46	seq148@1	productive	Homsap IGHV3-74*01 F	320	296	289	7	1	6	1	2	1	0	0	0	0	1	1	0	1	0	78	75	74	1	0	1	0	0	0	0	0	0	0	0	1	0	0	0	36	24	24	0	0	0	0	0	0	0	0	0	0	0	0	0	0	0	51	51	49	2	1	1	0	0	1	0	0	0	0	0	0	0	1	0	30	24	24	0	0	0	0	0	0	0	0	0	0	0	0	0	0	0	117	114	110	4	0	4	1	2	0	0	0	0	0	1	0	0	0	0	8	8	8	0	0	0	0	0	0	0	0	0	0	0	0	0	0	0
47	seq151@1	productive	Homsap IGHV3-74*01 F	320	296	292	4	2	2	0	3	0	0	0	1	0	0	0	0	0	0	78	75	73	2	2	0	0	2	0	0	0	0	0	0	0	0	0	0	36	24	24	0	0	0	0	0	0	0	0	0	0	0	0	0	0	0	51	51	51	0	0	0	0	0	0	0	0	0	0	0	0	0	0	0	30	24	24	0	0	0	0	0	0	0	0	0	0	0	0	0	0	0	117	114	112	2	0	2	0	1	0	0	0	1	0	0	0	0	0	0	8	8	8	0	0	0	0	0	0	0	0	0	0	0	0	0	0	0
48	seq152@1	productive	Homsap IGHV3-74*01 F	320	296	292	4	1	3	0	2	0	0	0	1	0	0	1	0	0	0	78	75	73	2	1	1	0	1	0	0	0	0	0	0	1	0	0	0	36	24	24	0	0	0	0	0	0	0	0	0	0	0	0	0	0	0	51	51	51	0	0	0	0	0	0	0	0	0	0	0	0	0	0	0	30	24	24	0	0	0	0	0	0	0	0	0	0	0	0	0	0	0	117	114	112	2	0	2	0	1	0	0	0	1	0	0	0	0	0	0	8	8	8	0	0	0	0	0	0	0	0	0	0	0	0	0	0	0
49	seq155@1	productive	Homsap IGHV3-74*01 F	320	296	291	5	3	2	0	3	1	1	0	0	0	0	0	0	0	0	78	75	73	2	2	0	0	1	1	0	0	0	0	0	0	0	0	0	36	24	24	0	0	0	0	0	0	0	0	0	0	0	0	0	0	0	51	51	51	0	0	0	0	0	0	0	0	0	0	0	0	0	0	0	30	24	23	1	1	0	0	0	0	1	0	0	0	0	0	0	0	0	117	114	112	2	0	2	0	2	0	0	0	0	0	0	0	0	0	0	8	8	8	0	0	0	0	0	0	0	0	0	0	0	0	0	0	0
50	seq156@1	productive	Homsap IGHV3-74*01 F	320	296	292	4	2	2	0	2	0	1	1	0	0	0	0	0	0	0	78	75	74	1	1	0	0	1	0	0	0	0	0	0	0	0	0	0	36	24	23	1	0	1	0	0	0	0	1	0	0	0	0	0	0	0	51	51	51	0	0	0	0	0	0	0	0	0	0	0	0	0	0	0	30	24	23	1	1	0	0	0	0	1	0	0	0	0	0	0	0	0	117	114	113	1	0	1	0	1	0	0	0	0	0	0	0	0	0	0	8	8	8	0	0	0	0	0	0	0	0	0	0	0	0	0	0	0
51	seq158@1	productive	Homsap IGHV3-74*01 F	320	296	291	5	1	4	1	3	0	0	1	0	0	0	0	0	0	0	78	75	72	3	1	2	1	2	0	0	0	0	0	0	0	0	0	0	36	24	24	0	0	0	0	0	0	0	0	0	0	0	0	0	0	0	51	51	51	0	0	0	0	0	0	0	0	0	0	0	0	0	0	0	30	24	23	1	0	1	0	0	0	0	1	0	0	0	0	0	0	0	117	114	113	1	0	1	0	1	0	0	0	0	0	0	0	0	0	0	8	8	8	0	0	0	0	0	0	0	0	0	0	0	0	0	0	0
52	seq159@1	productive	Homsap IGHV3-74*01 F	320	296	291	5	1	4	1	3	0	0	0	0	0	0	0	0	1	0	78	75	71	4	1	3	1	2	0	0	0	0	0	0	0	0	1	0	36	24	24	0	0	0	0	0	0	0	0	0	0	0	0	0	0	0	51	51	51	0	0	0	0	0	0	0	0	0	0	0	0	0	0	0	30	24	24	0	0	0	0	0	0	0	0	0	0	0	0	0	0	0	117	114	113	1	0	1	0	1	0	0	0	0	0	0	0	0	0	0	8	8	8	0	0	0	0	0	0	0	0	0	0	0	0	0	0	0
53	seq160@1	productive	Homsap IGHV3-74*01 F	320	296	293	3	1	2	1	2	0	0	0	0	0	0	0	0	0	0	78	75	73	2	1	1	1	1	0	0	0	0	0	0	0	0	0	0	36	24	24	0	0	0	0	0	0	0	0	0	0	0	0	0	0	0	51	51	51	0	0	0	0	0	0	0	0	0	0	0	0	0	0	0	30	24	24	0	0	0	0	0	0	0	0	0	0	0	0	0	0	0	117	114	113	1	0	1	0	1	0	0	0	0	0	0	0	0	0	0	8	8	8	0	0	0	0	0	0	0	0	0	0	0	0	0	0	0
54	seq165@1	productive	Homsap IGHV3-74*01 F	320	296	294	2	0	2	0	1	0	0	0	1	0	0	0	0	0	0	78	75	74	1	0	1	0	0	0	0	0	1	0	0	0	0	0	0	36	24	24	0	0	0	0	0	0	0	0	0	0	0	0	0	0	0	51	51	51	0	0	0	0	0	0	0	0	0	0	0	0	0	0	0	30	24	24	0	0	0	0	0	0	0	0	0	0	0	0	0	0	0	117	114	113	1	0	1	0	1	0	0	0	0	0	0	0	0	0	0	8	8	8	0	0	0	0	0	0	0	0	0	0	0	0	0	0	0
55	seq167@1	productive	Homsap IGHV3-74*01 F	320	296	294	2	1	1	0	2	0	0	0	0	0	0	0	0	0	0	78	75	75	0	0	0	0	0	0	0	0	0	0	0	0	0	0	0	36	24	24	0	0	0	0	0	0	0	0	0	0	0	0	0	0	0	51	51	50	1	1	0	0	1	0	0	0	0	0	0	0	0	0	0	30	24	24	0	0	0	0	0	0	0	0	0	0	0	0	0	0	0	117	114	113	1	0	1	0	1	0	0	0	0	0	0	0	0	0	0	8	8	8	0	0	0	0	0	0	0	0	0	0	0	0	0	0	0
56	seq169@1	productive	Homsap IGHV3-74*01 F	320	296	294	2	0	2	0	1	0	0	0	1	0	0	0	0	0	0	78	75	75	0	0	0	0	0	0	0	0	0	0	0	0	0	0	0	36	24	24	0	0	0	0	0	0	0	0	0	0	0	0	0	0	0	51	51	51	0	0	0	0	0	0	0	0	0	0	0	0	0	0	0	30	24	24	0	0	0	0	0	0	0	0	0	0	0	0	0	0	0	117	114	112	2	0	2	0	1	0	0	0	1	0	0	0	0	0	0	8	8	8	0	0	0	0	0	0	0	0	0	0	0	0	0	0	0
57	seq170@1	productive	Homsap IGHV3-74*01 F	320	296	294	2	0	2	0	2	0	0	0	0	0	0	0	0	0	0	78	75	75	0	0	0	0	0	0	0	0	0	0	0	0	0	0	0	36	24	24	0	0	0	0	0	0	0	0	0	0	0	0	0	0	0	51	51	50	1	0	1	0	1	0	0	0	0	0	0	0	0	0	0	30	24	24	0	0	0	0	0	0	0	0	0	0	0	0	0	0	0	117	114	113	1	0	1	0	1	0	0	0	0	0	0	0	0	0	0	8	8	8	0	0	0	0	0	0	0	0	0	0	0	0	0	0	0
58	seq176@1	productive	Homsap IGHV3-74*01 F	320	296	293	3	0	3	0	1	0	2	0	0	0	0	0	0	0	0	78	75	75	0	0	0	0	0	0	0	0	0	0	0	0	0	0	0	36	24	24	0	0	0	0	0	0	0	0	0	0	0	0	0	0	0	51	51	50	1	0	1	0	0	0	1	0	0	0	0	0	0	0	0	30	24	24	0	0	0	0	0	0	0	0	0	0	0	0	0	0	0	117	114	112	2	0	2	0	1	0	1	0	0	0	0	0	0	0	0	8	8	8	0	0	0	0	0	0	0	0	0	0	0	0	0	0	0
59	seq177@1	productive	Homsap IGHV3-74*01 F	320	296	293	3	0	3	0	1	0	1	0	0	0	0	0	0	1	0	78	75	74	1	0	1	0	0	0	0	0	0	0	0	0	0	1	0	36	24	24	0	0	0	0	0	0	0	0	0	0	0	0	0	0	0	51	51	50	1	0	1	0	0	0	1	0	0	0	0	0	0	0	0	30	24	24	0	0	0	0	0	0	0	0	0	0	0	0	0	0	0	117	114	113	1	0	1	0	1	0	0	0	0	0	0	0	0	0	0	8	8	8	0	0	0	0	0	0	0	0	0	0	0	0	0	0	0
60	seq178@1	productive	Homsap IGHV3-74*01 F	320	296	293	3	0	3	1	1	0	1	0	0	0	0	0	0	0	0	78	75	75	0	0	0	0	0	0	0	0	0	0	0	0	0	0	0	36	24	24	0	0	0	0	0	0	0	0	0	0	0	0	0	0	0	51	51	49	2	0	2	1	0	0	1	0	0	0	0	0	0	0	0	30	24	24	0	0	0	0	0	0	0	0	0	0	0	0	0	0	0	117	114	113	1	0	1	0	1	0	0	0	0	0	0	0	0	0	0	8	8	8	0	0	0	0	0	0	0	0	0	0	0	0	0	0	0
61	seq180@1	productive	Homsap IGHV3-74*01 F	320	296	294	2	1	1	0	2	0	0	0	0	0	0	0	0	0	0	78	75	74	1	1	0	0	1	0	0	0	0	0	0	0	0	0	0	36	24	24	0	0	0	0	0	0	0	0	0	0	0	0	0	0	0	51	51	50	1	0	1	0	1	0	0	0	0	0	0	0	0	0	0	30	24	24	0	0	0	0	0	0	0	0	0	0	0	0	0	0	0	117	114	114	0	0	0	0	0	0	0	0	0	0	0	0	0	0	0	8	8	8	0	0	0	0	0	0	0	0	0	0	0	0	0	0	0
62	seq183@1	productive	Homsap IGHV3-74*01 F	320	296	294	2	1	1	0	1	1	0	0	0	0	0	0	0	0	0	78	75	74	1	1	0	0	0	1	0	0	0	0	0	0	0	0	0	36	24	24	0	0	0	0	0	0	0	0	0	0	0	0	0	0	0	51	51	50	1	0	1	0	1	0	0	0	0	0	0	0	0	0	0	30	24	24	0	0	0	0	0	0	0	0	0	0	0	0	0	0	0	117	114	114	0	0	0	0	0	0	0	0	0	0	0	0	0	0	0	8	8	8	0	0	0	0	0	0	0	0	0	0	0	0	0	0	0
63	seq184@1	productive	Homsap IGHV3-74*01 F	320	296	294	2	1	1	0	0	0	2	0	0	0	0	0	0	0	0	78	75	75	0	0	0	0	0	0	0	0	0	0	0	0	0	0	0	36	24	23	1	0	1	0	0	0	1	0	0	0	0	0	0	0	0	51	51	51	0	0	0	0	0	0	0	0	0	0	0	0	0	0	0	30	24	24	0	0	0	0	0	0	0	0	0	0	0	0	0	0	0	117	114	113	1	1	0	0	0	0	1	0	0	0	0	0	0	0	0	8	8	8	0	0	0	0	0	0	0	0	0	0	0	0	0	0	0
64	seq186@1	productive	Homsap IGHV3-74*01 F	320	296	295	1	0	1	0	0	0	0	0	1	0	0	0	0	0	0	78	75	75	0	0	0	0	0	0	0	0	0	0	0	0	0	0	0	36	24	23	1	0	1	0	0	0	0	0	1	0	0	0	0	0	0	51	51	51	0	0	0	0	0	0	0	0	0	0	0	0	0	0	0	30	24	24	0	0	0	0	0	0	0	0	0	0	0	0	0	0	0	117	114	114	0	0	0	0	0	0	0	0	0	0	0	0	0	0	0	8	8	8	0	0	0	0	0	0	0	0	0	0	0	0	0	0	0
65	seq187@1	productive	Homsap IGHV3-74*01 F	320	296	294	2	1	1	1	1	0	0	0	0	0	0	0	0	0	0	78	75	74	1	1	0	1	0	0	0	0	0	0	0	0	0	0	0	36	24	24	0	0	0	0	0	0	0	0	0	0	0	0	0	0	0	51	51	50	1	0	1	0	1	0	0	0	0	0	0	0	0	0	0	30	24	24	0	0	0	0	0	0	0	0	0	0	0	0	0	0	0	117	114	114	0	0	0	0	0	0	0	0	0	0	0	0	0	0	0	8	8	8	0	0	0	0	0	0	0	0	0	0	0	0	0	0	0
66	seq188@1	productive	Homsap IGHV3-74*01 F	320	296	295	1	0	1	1	0	0	0	0	0	0	0	0	0	0	0	78	75	75	0	0	0	0	0	0	0	0	0	0	0	0	0	0	0	36	24	24	0	0	0	0	0	0	0	0	0	0	0	0	0	0	0	51	51	51	0	0	0	0	0	0	0	0	0	0	0	0	0	0	0	30	24	23	1	0	1	1	0	0	0	0	0	0	0	0	0	0	0	117	114	114	0	0	0	0	0	0	0	0	0	0	0	0	0	0	0	8	8	8	0	0	0	0	0	0	0	0	0	0	0	0	0	0	0
67	seq191@1	productive	Homsap IGHV3-74*01 F	320	296	295	1	0	1	0	1	0	0	0	0	0	0	0	0	0	0	78	75	75	0	0	0	0	0	0	0	0	0	0	0	0	0	0	0	36	24	24	0	0	0	0	0	0	0	0	0	0	0	0	0	0	0	51	51	51	0	0	0	0	0	0	0	0	0	0	0	0	0	0	0	30	24	23	1	0	1	0	1	0	0	0	0	0	0	0	0	0	0	117	114	114	0	0	0	0	0	0	0	0	0	0	0	0	0	0	0	8	8	8	0	0	0	0	0	0	0	0	0	0	0	0	0	0	0
68	seq192@1	productive	Homsap IGHV3-74*01 F	320	296	293	3	1	2	0	1	1	0	0	0	0	0	0	0	1	0	78	75	74	1	0	1	0	0	0	0	0	0	0	0	0	0	1	0	36	24	24	0	0	0	0	0	0	0	0	0	0	0	0	0	0	0	51	51	50	1	0	1	0	1	0	0	0	0	0	0	0	0	0	0	30	24	24	0	0	0	0	0	0	0	0	0	0	0	0	0	0	0	117	114	113	1	1	0	0	0	1	0	0	0	0	0	0	0	0	0	8	8	8	0	0	0	0	0	0	0	0	0	0	0	0	0	0	0
69	seq198@1	productive	Homsap IGHV3-74*01 F	320	296	295	1	1	0	0	0	1	0	0	0	0	0	0	0	0	0	78	75	75	0	0	0	0	0	0	0	0	0	0	0	0	0	0	0	36	24	24	0	0	0	0	0	0	0	0	0	0	0	0	0	0	0	51	51	51	0	0	0	0	0	0	0	0	0	0	0	0	0	0	0	30	24	24	0	0	0	0	0	0	0	0	0	0	0	0	0	0	0	117	114	113	1	1	0	0	0	1	0	0	0	0	0	0	0	0	0	8	8	8	0	0	0	0	0	0	0	0	0	0	0	0	0	0	0
70	seq201@1	productive	Homsap IGHV3-74*01 F	320	296	293	3	2	1	0	1	1	0	0	0	1	0	0	0	0	0	78	75	74	1	1	0	0	1	0	0	0	0	0	0	0	0	0	0	36	24	24	0	0	0	0	0	0	0	0	0	0	0	0	0	0	0	51	51	51	0	0	0	0	0	0	0	0	0	0	0	0	0	0	0	30	24	24	0	0	0	0	0	0	0	0	0	0	0	0	0	0	0	117	114	112	2	1	1	0	0	1	0	0	0	1	0	0	0	0	0	8	8	8	0	0	0	0	0	0	0	0	0	0	0	0	0	0	0
71	seq204@1	productive	Homsap IGHV3-74*01 F	320	296	292	4	1	3	2	1	0	1	0	0	0	0	0	0	0	0	78	75	75	0	0	0	0	0	0	0	0	0	0	0	0	0	0	0	36	24	23	1	0	1	1	0	0	0	0	0	0	0	0	0	0	0	51	51	51	0	0	0	0	0	0	0	0	0	0	0	0	0	0	0	30	24	24	0	0	0	0	0	0	0	0	0	0	0	0	0	0	0	117	114	111	3	1	2	1	1	0	1	0	0	0	0	0	0	0	0	8	8	8	0	0	0	0	0	0	0	0	0	0	0	0	0	0	0
72	seq209@1	productive	Homsap IGHV3-74*01 F	320	296	294	2	2	0	0	1	0	1	0	0	0	0	0	0	0	0	78	75	74	1	1	0	0	1	0	0	0	0	0	0	0	0	0	0	36	24	24	0	0	0	0	0	0	0	0	0	0	0	0	0	0	0	51	51	51	0	0	0	0	0	0	0	0	0	0	0	0	0	0	0	30	24	24	0	0	0	0	0	0	0	0	0	0	0	0	0	0	0	117	114	113	1	1	0	0	0	0	1	0	0	0	0	0	0	0	0	8	8	8	0	0	0	0	0	0	0	0	0	0	0	0	0	0	0
73	seq211@1	productive	Homsap IGHV3-74*01 F	320	296	294	2	1	1	0	1	0	1	0	0	0	0	0	0	0	0	78	75	74	1	1	0	0	1	0	0	0	0	0	0	0	0	0	0	36	24	24	0	0	0	0	0	0	0	0	0	0	0	0	0	0	0	51	51	51	0	0	0	0	0	0	0	0	0	0	0	0	0	0	0	30	24	24	0	0	0	0	0	0	0	0	0	0	0	0	0	0	0	117	114	113	1	0	1	0	0	0	1	0	0	0	0	0	0	0	0	8	8	8	0	0	0	0	0	0	0	0	0	0	0	0	0	0	0
74	seq213@1	productive	Homsap IGHV3-74*01 F	320	296	292	4	2	2	0	3	1	0	0	0	0	0	0	0	0	0	78	75	73	2	1	1	0	2	0	0	0	0	0	0	0	0	0	0	36	24	23	1	0	1	0	1	0	0	0	0	0	0	0	0	0	0	51	51	50	1	1	0	0	0	1	0	0	0	0	0	0	0	0	0	30	24	24	0	0	0	0	0	0	0	0	0	0	0	0	0	0	0	117	114	114	0	0	0	0	0	0	0	0	0	0	0	0	0	0	0	8	8	8	0	0	0	0	0	0	0	0	0	0	0	0	0	0	0
75	seq214@1	productive	Homsap IGHV3-74*01 F	320	296	294	2	1	1	0	2	0	0	0	0	0	0	0	0	0	0	78	75	73	2	1	1	0	2	0	0	0	0	0	0	0	0	0	0	36	24	24	0	0	0	0	0	0	0	0	0	0	0	0	0	0	0	51	51	51	0	0	0	0	0	0	0	0	0	0	0	0	0	0	0	30	24	24	0	0	0	0	0	0	0	0	0	0	0	0	0	0	0	117	114	114	0	0	0	0	0	0	0	0	0	0	0	0	0	0	0	8	8	8	0	0	0	0	0	0	0	0	0	0	0	0	0	0	0
76	seq217@1	productive	Homsap IGHV3-74*01 F	320	296	294	2	2	0	0	2	0	0	0	0	0	0	0	0	0	0	78	75	73	2	2	0	0	2	0	0	0	0	0	0	0	0	0	0	36	24	24	0	0	0	0	0	0	0	0	0	0	0	0	0	0	0	51	51	51	0	0	0	0	0	0	0	0	0	0	0	0	0	0	0	30	24	24	0	0	0	0	0	0	0	0	0	0	0	0	0	0	0	117	114	114	0	0	0	0	0	0	0	0	0	0	0	0	0	0	0	8	8	8	0	0	0	0	0	0	0	0	0	0	0	0	0	0	0
77	seq218@1	productive	Homsap IGHV3-74*01 F	320	296	293	3	2	1	0	1	1	0	0	0	0	1	0	0	0	0	78	75	74	1	1	0	0	1	0	0	0	0	0	0	0	0	0	0	36	24	23	1	1	0	0	0	1	0	0	0	0	0	0	0	0	0	51	51	50	1	0	1	0	0	0	0	0	0	0	1	0	0	0	0	30	24	24	0	0	0	0	0	0	0	0	0	0	0	0	0	0	0	117	114	114	0	0	0	0	0	0	0	0	0	0	0	0	0	0	0	8	8	8	0	0	0	0	0	0	0	0	0	0	0	0	0	0	0
78	seq220@1	productive	Homsap IGHV3-74*01 F	320	296	295	1	1	0	0	1	0	0	0	0	0	0	0	0	0	0	78	75	74	1	1	0	0	1	0	0	0	0	0	0	0	0	0	0	36	24	24	0	0	0	0	0	0	0	0	0	0	0	0	0	0	0	51	51	51	0	0	0	0	0	0	0	0	0	0	0	0	0	0	0	30	24	24	0	0	0	0	0	0	0	0	0	0	0	0	0	0	0	117	114	114	0	0	0	0	0	0	0	0	0	0	0	0	0	0	0	8	8	8	0	0	0	0	0	0	0	0	0	0	0	0	0	0	0
79	seq221@1	productive	Homsap IGHV3-74*01 F	320	296	294	2	2	0	0	1	0	0	0	0	0	0	0	1	0	0	78	75	73	2	2	0	0	1	0	0	0	0	0	0	0	1	0	0	36	24	24	0	0	0	0	0	0	0	0	0	0	0	0	0	0	0	51	51	51	0	0	0	0	0	0	0	0	0	0	0	0	0	0	0	30	24	24	0	0	0	0	0	0	0	0	0	0	0	0	0	0	0	117	114	114	0	0	0	0	0	0	0	0	0	0	0	0	0	0	0	8	8	8	0	0	0	0	0	0	0	0	0	0	0	0	0	0	0
80	seq222@1	productive	Homsap IGHV3-74*01 F	320	296	292	4	2	2	0	1	1	2	0	0	0	0	0	0	0	0	78	75	74	1	1	0	0	1	0	0	0	0	0	0	0	0	0	0	36	24	24	0	0	0	0	0	0	0	0	0	0	0	0	0	0	0	51	51	51	0	0	0	0	0	0	0	0	0	0	0	0	0	0	0	30	24	23	1	0	1	0	0	0	1	0	0	0	0	0	0	0	0	117	114	112	2	1	1	0	0	1	1	0	0	0	0	0	0	0	0	8	8	8	0	0	0	0	0	0	0	0	0	0	0	0	0	0	0
81	seq223@1	productive	Homsap IGHV3-74*01 F	320	296	291	5	2	3	0	1	1	3	0	0	0	0	0	0	0	0	78	75	73	2	1	1	0	1	0	1	0	0	0	0	0	0	0	0	36	24	24	0	0	0	0	0	0	0	0	0	0	0	0	0	0	0	51	51	51	0	0	0	0	0	0	0	0	0	0	0	0	0	0	0	30	24	23	1	0	1	0	0	0	1	0	0	0	0	0	0	0	0	117	114	112	2	1	1	0	0	1	1	0	0	0	0	0	0	0	0	8	8	8	0	0	0	0	0	0	0	0	0	0	0	0	0	0	0
82	seq226@1	productive	Homsap IGHV3-74*01 F	320	296	294	2	1	1	1	1	0	0	0	0	0	0	0	0	0	0	78	75	74	1	1	0	0	1	0	0	0	0	0	0	0	0	0	0	36	24	24	0	0	0	0	0	0	0	0	0	0	0	0	0	0	0	51	51	51	0	0	0	0	0	0	0	0	0	0	0	0	0	0	0	30	24	24	0	0	0	0	0	0	0	0	0	0	0	0	0	0	0	117	114	113	1	0	1	1	0	0	0	0	0	0	0	0	0	0	0	8	8	8	0	0	0	0	0	0	0	0	0	0	0	0	0	0	0
83	seq228@1	productive	Homsap IGHV3-74*01 F	320	296	293	3	2	1	0	1	0	1	0	0	0	0	0	0	0	1	78	75	74	1	1	0	0	1	0	0	0	0	0	0	0	0	0	0	36	24	24	0	0	0	0	0	0	0	0	0	0	0	0	0	0	0	51	51	50	1	1	0	0	0	0	1	0	0	0	0	0	0	0	0	30	24	24	0	0	0	0	0	0	0	0	0	0	0	0	0	0	0	117	114	113	1	0	1	0	0	0	0	0	0	0	0	0	0	0	1	8	8	8	0	0	0	0	0	0	0	0	0	0	0	0	0	0	0
