Sequence number	Sequence ID	V-DOMAIN Functionality	V-GENE and allele	V-REGION Nb of positions including IMGT gaps (AA)	V-REGION Nb of AA	V-REGION Nb of identical AA	V-REGION Nb of AA changes	V-REGION +++	V-REGION ++-	V-REGION +-+	V-REGION +--	V-REGION -+-	V-REGION --+	V-REGION ---	V-REGION Very similar	V-REGION Similar	V-REGION Dissimilar	V-REGION Very dissimilar	FR1-IMGT Nb of positions including IMGT gaps (AA)	FR1-IMGT Nb of AA	FR1-IMGT Nb of identical AA	FR1-IMGT Nb of AA changes	FR1-IMGT +++	FR1-IMGT ++-	FR1-IMGT +-+	FR1-IMGT +--	FR1-IMGT -+-	FR1-IMGT --+	FR1-IMGT ---	FR1-IMGT Very similar	FR1-IMGT Similar	FR1-IMGT Dissimilar	FR1-IMGT Very dissimilar	CDR1-IMGT Nb of positions including IMGT gaps (AA)	CDR1-IMGT Nb of AA	CDR1-IMGT Nb of identical AA	CDR1-IMGT Nb of AA changes	CDR1-IMGT +++	CDR1-IMGT ++-	CDR1-IMGT +-+	CDR1-IMGT +--	CDR1-IMGT -+-	CDR1-IMGT --+	CDR1-IMGT ---	CDR1-IMGT Very similar	CDR1-IMGT Similar	CDR1-IMGT Dissimilar	CDR1-IMGT Very dissimilar	FR2-IMGT Nb of positions including IMGT gaps (AA)	FR2-IMGT Nb of AA	FR2-IMGT Nb of identical AA	FR2-IMGT Nb of AA changes	FR2-IMGT +++	FR2-IMGT ++-	FR2-IMGT +-+	FR2-IMGT +--	FR2-IMGT -+-	FR2-IMGT --+	FR2-IMGT ---	FR2-IMGT Very similar	FR2-IMGT Similar	FR2-IMGT Dissimilar	FR2-IMGT Very dissimilar	CDR2-IMGT Nb of positions including IMGT gaps (AA)	CDR2-IMGT Nb of AA	CDR2-IMGT Nb of identical AA	CDR2-IMGT Nb of AA changes	CDR2-IMGT +++	CDR2-IMGT ++-	CDR2-IMGT +-+	CDR2-IMGT +--	CDR2-IMGT -+-	CDR2-IMGT --+	CDR2-IMGT ---	CDR2-IMGT Very similar	CDR2-IMGT Similar	CDR2-IMGT Dissimilar	CDR2-IMGT Very dissimilar	FR3-IMGT Nb of positions including IMGT gaps (AA)	FR3-IMGT Nb of AA	FR3-IMGT Nb of identical AA	FR3-IMGT Nb of AA changes	FR3-IMGT +++	FR3-IMGT ++-	FR3-IMGT +-+	FR3-IMGT +--	FR3-IMGT -+-	FR3-IMGT --+	FR3-IMGT ---	FR3-IMGT Very similar	FR3-IMGT Similar	FR3-IMGT Dissimilar	FR3-IMGT Very dissimilar	CDR3-IMGT Nb of positions including IMGT gaps (AA)	CDR3-IMGT Nb of AA	CDR3-IMGT Nb of identical AA	CDR3-IMGT Nb of AA changes	CDR3-IMGT +++	CDR3-IMGT ++-	CDR3-IMGT +-+	CDR3-IMGT +--	CDR3-IMGT -+-	CDR3-IMGT --+	CDR3-IMGT ---	CDR3-IMGT Very similar	CDR3-IMGT Similar	CDR3-IMGT Dissimilar	CDR3-IMGT Very dissimilar
1	naive@6	productive	Homsap IGHV3-74*01 F	106	98	98	0	0	0	0	0	0	0	0	0	0	0	0	26	25	25	0	0	0	0	0	0	0	0	0	0	0	0	12	8	8	0	0	0	0	0	0	0	0	0	0	0	0	17	17	17	0	0	0	0	0	0	0	0	0	0	0	0	10	8	8	0	0	0	0	0	0	0	0	0	0	0	0	39	38	38	0	0	0	0	0	0	0	0	0	0	0	0	2	2	2	0	0	0	0	0	0	0	0	0	0	0	0
2	seq6@6	productive	Homsap IGHV3-74*01 F	106	98	98	0	0	0	0	0	0	0	0	0	0	0	0	26	25	25	0	0	0	0	0	0	0	0	0	0	0	0	12	8	8	0	0	0	0	0	0	0	0	0	0	0	0	17	17	17	0	0	0	0	0	0	0	0	0	0	0	0	10	8	8	0	0	0	0	0	0	0	0	0	0	0	0	39	38	38	0	0	0	0	0	0	0	0	0	0	0	0	2	2	2	0	0	0	0	0	0	0	0	0	0	0	0
3	seq7@2	productive	Homsap IGHV3-74*01 F	106	98	95	3	0	0	0	2	0	0	1	0	0	2	1	26	25	24	1	0	0	0	0	0	0	1	0	0	0	1	12	8	8	0	0	0	0	0	0	0	0	0	0	0	0	17	17	16	1	0	0	0	1	0	0	0	0	0	1	0	10	8	8	0	0	0	0	0	0	0	0	0	0	0	0	39	38	37	1	0	0	0	1	0	0	0	0	0	1	0	2	2	2	0	0	0	0	0	0	0	0	0	0	0	0
4	seq10@4	productive	Homsap IGHV3-74*01 F	106	98	97	1	0	0	0	1	0	0	0	0	0	1	0	26	25	25	0	0	0	0	0	0	0	0	0	0	0	0	12	8	8	0	0	0	0	0	0	0	0	0	0	0	0	17	17	17	0	0	0	0	0	0	0	0	0	0	0	0	10	8	8	0	0	0	0	0	0	0	0	0	0	0	0	39	38	37	1	0	0	0	1	0	0	0	0	0	1	0	2	2	2	0	0	0	0	0	0	0	0	0	0	0	0
5	seq17@2	productive	Homsap IGHV3-74*01 F	106	98	93	5	0	0	0	2	1	0	2	0	0	3	2	26	25	24	1	0	0	0	0	0	0	1	0	0	0	1	12	8	8	0	0	0	0	0	0	0	0	0	0	0	0	17	17	16	1	0	0	0	1	0	0	0	0	0	1	0	10	8	8	0	0	0	0	0	0	0	0	0	0	0	0	39	38	35	3	0	0	0	1	1	0	1	0	0	2	1	2	2	2	0	0	0	0	0	0	0	0	0	0	0	0
6	seq18@4	productive	Homsap IGHV3-74*01 F	106	98	93	5	0	0	0	2	1	0	2	0	0	3	2	26	25	24	1	0	0	0	0	0	0	1	0	0	0	1	12	8	8	0	0	0	0	0	0	0	0	0	0	0	0	17	17	16	1	0	0	0	1	0	0	0	0	0	1	0	10	8	8	0	0	0	0	0	0	0	0	0	0	0	0	39	38	35	3	0	0	0	1	1	0	1	0	0	2	1	2	2	2	0	0	0	0	0	0	0	0	0	0	0	0
7	seq20@2	productive	Homsap IGHV3-74*01 F	106	98	97	1	0	0	0	1	0	0	0	0	0	1	0	26	25	25	0	0	0	0	0	0	0	0	0	0	0	0	12	8	8	0	0	0	0	0	0	0	0	0	0	0	0	17	17	17	0	0	0	0	0	0	0	0	0	0	0	0	10	8	8	0	0	0	0	0	0	0	0	0	0	0	0	39	38	37	1	0	0	0	1	0	0	0	0	0	1	0	2	2	2	0	0	0	0	0	0	0	0	0	0	0	0
8	seq22@1	productive	Homsap IGHV3-74*01 F	106	98	96	2	0	0	1	1	0	0	0	0	1	1	0	26	25	25	0	0	0	0	0	0	0	0	0	0	0	0	12	8	8	0	0	0	0	0	0	0	0	0	0	0	0	17	17	16	1	0	0	1	0	0	0	0	0	1	0	0	10	8	8	0	0	0	0	0	0	0	0	0	0	0	0	39	38	37	1	0	0	0	1	0	0	0	0	0	1	0	2	2	2	0	0	0	0	0	0	0	0	0	0	0	0
9	seq30@2	productive	Homsap IGHV3-74*01 F	106	98	98	0	0	0	0	0	0	0	0	0	0	0	0	26	25	25	0	0	0	0	0	0	0	0	0	0	0	0	12	8	8	0	0	0	0	0	0	0	0	0	0	0	0	17	17	17	0	0	0	0	0	0	0	0	0	0	0	0	10	8	8	0	0	0	0	0	0	0	0	0	0	0	0	39	38	38	0	0	0	0	0	0	0	0	0	0	0	0	2	2	2	0	0	0	0	0	0	0	0	0	0	0	0
10	seq31@2	productive	Homsap IGHV3-74*01 F	106	98	94	4	0	0	0	3	0	0	1	0	0	3	1	26	25	23	2	0	0	0	1	0	0	1	0	0	1	1	12	8	8	0	0	0	0	0	0	0	0	0	0	0	0	17	17	16	1	0	0	0	1	0	0	0	0	0	1	0	10	8	8	0	0	0	0	0	0	0	0	0	0	0	0	39	38	37	1	0	0	0	1	0	0	0	0	0	1	0	2	2	2	0	0	0	0	0	0	0	0	0	0	0	0
11	seq32@1	productive	Homsap IGHV3-74*01 F	106	98	93	5	0	0	0	3	0	0	2	0	0	3	2	26	25	23	2	0	0	0	1	0	0	1	0	0	1	1	12	8	7	1	0	0	0	0	0	0	1	0	0	0	1	17	17	16	1	0	0	0	1	0	0	0	0	0	1	0	10	8	8	0	0	0	0	0	0	0	0	0	0	0	0	39	38	37	1	0	0	0	1	0	0	0	0	0	1	0	2	2	2	0	0	0	0	0	0	0	0	0	0	0	0
12	seq39@1	productive	Homsap IGHV3-74*01 F	106	98	96	2	0	0	0	1	0	0	1	0	0	1	1	26	25	25	0	0	0	0	0	0	0	0	0	0	0	0	12	8	8	0	0	0	0	0	0	0	0	0	0	0	0	17	17	17	0	0	0	0	0	0	0	0	0	0	0	0	10	8	8	0	0	0	0	0	0	0	0	0	0	0	0	39	38	36	2	0	0	0	1	0	0	1	0	0	1	1	2	2	2	0	0	0	0	0	0	0	0	0	0	0	0
13	seq40@1	productive	Homsap IGHV3-74*01 F	106	98	97	1	0	0	0	1	0	0	0	0	0	1	0	26	25	25	0	0	0	0	0	0	0	0	0	0	0	0	12	8	8	0	0	0	0	0	0	0	0	0	0	0	0	17	17	17	0	0	0	0	0	0	0	0	0	0	0	0	10	8	8	0	0	0	0	0	0	0	0	0	0	0	0	39	38	37	1	0	0	0	1	0	0	0	0	0	1	0	2	2	2	0	0	0	0	0	0	0	0	0	0	0	0
14	seq41@1	productive	Homsap IGHV3-74*01 F	106	98	96	2	0	0	0	2	0	0	0	0	0	2	0	26	25	24	1	0	0	0	1	0	0	0	0	0	1	0	12	8	8	0	0	0	0	0	0	0	0	0	0	0	0	17	17	17	0	0	0	0	0	0	0	0	0	0	0	0	10	8	8	0	0	0	0	0	0	0	0	0	0	0	0	39	38	37	1	0	0	0	1	0	0	0	0	0	1	0	2	2	2	0	0	0	0	0	0	0	0	0	0	0	0
15	seq47@1	productive	Homsap IGHV3-74*01 F	106	98	97	1	0	1	0	0	0	0	0	0	1	0	0	26	25	25	0	0	0	0	0	0	0	0	0	0	0	0	12	8	8	0	0	0	0	0	0	0	0	0	0	0	0	17	17	16	1	0	1	0	0	0	0	0	0	1	0	0	10	8	8	0	0	0	0	0	0	0	0	0	0	0	0	39	38	38	0	0	0	0	0	0	0	0	0	0	0	0	2	2	2	0	0	0	0	0	0	0	0	0	0	0	0
16	seq50@1	productive	Homsap IGHV3-74*01 F	106	98	97	1	0	0	0	0	0	0	1	0	0	0	1	26	25	24	1	0	0	0	0	0	0	1	0	0	0	1	12	8	8	0	0	0	0	0	0	0	0	0	0	0	0	17	17	17	0	0	0	0	0	0	0	0	0	0	0	0	10	8	8	0	0	0	0	0	0	0	0	0	0	0	0	39	38	38	0	0	0	0	0	0	0	0	0	0	0	0	2	2	2	0	0	0	0	0	0	0	0	0	0	0	0
17	seq53@2	productive	Homsap IGHV3-74*01 F	106	98	96	2	0	0	0	1	0	0	1	0	0	1	1	26	25	25	0	0	0	0	0	0	0	0	0	0	0	0	12	8	8	0	0	0	0	0	0	0	0	0	0	0	0	17	17	17	0	0	0	0	0	0	0	0	0	0	0	0	10	8	8	0	0	0	0	0	0	0	0	0	0	0	0	39	38	36	2	0	0	0	1	0	0	1	0	0	1	1	2	2	2	0	0	0	0	0	0	0	0	0	0	0	0
18	seq54@2	productive	Homsap IGHV3-74*01 F	106	98	97	1	0	0	0	0	0	0	1	0	0	0	1	26	25	24	1	0	0	0	0	0	0	1	0	0	0	1	12	8	8	0	0	0	0	0	0	0	0	0	0	0	0	17	17	17	0	0	0	0	0	0	0	0	0	0	0	0	10	8	8	0	0	0	0	0	0	0	0	0	0	0	0	39	38	38	0	0	0	0	0	0	0	0	0	0	0	0	2	2	2	0	0	0	0	0	0	0	0	0	0	0	0
19	seq62@2	productive	Homsap IGHV3-74*01 F	106	98	96	2	0	0	1	1	0	0	0	0	1	1	0	26	25	25	0	0	0	0	0	0	0	0	0	0	0	0	12	8	8	0	0	0	0	0	0	0	0	0	0	0	0	17	17	17	0	0	0	0	0	0	0	0	0	0	0	0	10	8	8	0	0	0	0	0	0	0	0	0	0	0	0	39	38	36	2	0	0	1	1	0	0	0	0	1	1	0	2	2	2	0	0	0	0	0	0	0	0	0	0	0	0
20	seq69@1	productive	Homsap IGHV3-74*01 F	106	98	94	4	0	0	0	2	0	0	2	0	0	2	2	26	25	24	1	0	0	0	0	0	0	1	0	0	0	1	12	8	8	0	0	0	0	0	0	0	0	0	0	0	0	17	17	16	1	0	0	0	1	0	0	0	0	0	1	0	10	8	8	0	0	0	0	0	0	0	0	0	0	0	0	39	38	36	2	0	0	0	1	0	0	1	0	0	1	1	2	2	2	0	0	0	0	0	0	0	0	0	0	0	0
21	seq70@1	productive	Homsap IGHV3-74*01 F	106	98	91	7	0	0	0	3	1	0	3	0	0	4	3	26	25	23	2	0	0	0	0	0	0	2	0	0	0	2	12	8	7	1	0	0	0	1	0	0	0	0	0	1	0	17	17	16	1	0	0	0	1	0	0	0	0	0	1	0	10	8	8	0	0	0	0	0	0	0	0	0	0	0	0	39	38	35	3	0	0	0	1	1	0	1	0	0	2	1	2	2	2	0	0	0	0	0	0	0	0	0	0	0	0
22	seq71@2	productive	Homsap IGHV3-74*01 F	106	98	92	6	0	0	0	2	1	0	3	0	0	3	3	26	25	24	1	0	0	0	0	0	0	1	0	0	0	1	12	8	8	0	0	0	0	0	0	0	0	0	0	0	0	17	17	15	2	0	0	0	1	0	0	1	0	0	1	1	10	8	8	0	0	0	0	0	0	0	0	0	0	0	0	39	38	35	3	0	0	0	1	1	0	1	0	0	2	1	2	2	2	0	0	0	0	0	0	0	0	0	0	0	0
23	seq77@1	productive	Homsap IGHV3-74*01 F	106	98	92	6	0	0	0	2	1	0	3	0	0	3	3	26	25	24	1	0	0	0	0	0	0	1	0	0	0	1	12	8	8	0	0	0	0	0	0	0	0	0	0	0	0	17	17	16	1	0	0	0	1	0	0	0	0	0	1	0	10	8	8	0	0	0	0	0	0	0	0	0	0	0	0	39	38	34	4	0	0	0	1	1	0	2	0	0	2	2	2	2	2	0	0	0	0	0	0	0	0	0	0	0	0
24	seq78@1	productive	Homsap IGHV3-74*01 F	106	98	96	2	0	0	0	1	0	0	1	0	0	1	1	26	25	25	0	0	0	0	0	0	0	0	0	0	0	0	12	8	8	0	0	0	0	0	0	0	0	0	0	0	0	17	17	17	0	0	0	0	0	0	0	0	0	0	0	0	10	8	8	0	0	0	0	0	0	0	0	0	0	0	0	39	38	36	2	0	0	0	1	0	0	1	0	0	1	1	2	2	2	0	0	0	0	0	0	0	0	0	0	0	0
25	seq80@1	productive	Homsap IGHV3-74*01 F	106	98	96	2	0	0	0	2	0	0	0	0	0	2	0	26	25	25	0	0	0	0	0	0	0	0	0	0	0	0	12	8	8	0	0	0	0	0	0	0	0	0	0	0	0	17	17	17	0	0	0	0	0	0	0	0	0	0	0	0	10	8	8	0	0	0	0	0	0	0	0	0	0	0	0	39	38	36	2	0	0	0	2	0	0	0	0	0	2	0	2	2	2	0	0	0	0	0	0	0	0	0	0	0	0
26	seq89@2	productive	Homsap IGHV3-74*01 F	106	98	95	3	0	0	1	1	0	0	1	0	1	1	1	26	25	24	1	0	0	0	0	0	0	1	0	0	0	1	12	8	8	0	0	0	0	0	0	0	0	0	0	0	0	17	17	16	1	0	0	1	0	0	0	0	0	1	0	0	10	8	8	0	0	0	0	0	0	0	0	0	0	0	0	39	38	37	1	0	0	0	1	0	0	0	0	0	1	0	2	2	2	0	0	0	0	0	0	0	0	0	0	0	0
27	seq90@2	productive	Homsap IGHV3-74*01 F	106	98	95	3	0	0	1	1	0	0	1	0	1	1	1	26	25	25	0	0	0	0	0	0	0	0	0	0	0	0	12	8	8	0	0	0	0	0	0	0	0	0	0	0	0	17	17	16	1	0	0	1	0	0	0	0	0	1	0	0	10	8	8	0	0	0	0	0	0	0	0	0	0	0	0	39	38	36	2	0	0	0	1	0	0	1	0	0	1	1	2	2	2	0	0	0	0	0	0	0	0	0	0	0	0
28	seq93@1	productive	Homsap IGHV3-74*01 F	106	98	97	1	0	1	0	0	0	0	0	0	1	0	0	26	25	25	0	0	0	0	0	0	0	0	0	0	0	0	12	8	8	0	0	0	0	0	0	0	0	0	0	0	0	17	17	16	1	0	1	0	0	0	0	0	0	1	0	0	10	8	8	0	0	0	0	0	0	0	0	0	0	0	0	39	38	38	0	0	0	0	0	0	0	0	0	0	0	0	2	2	2	0	0	0	0	0	0	0	0	0	0	0	0
29	seq100@2	productive	Homsap IGHV3-74*01 F	106	98	96	2	0	0	0	0	0	0	2	0	0	0	2	26	25	24	1	0	0	0	0	0	0	1	0	0	0	1	12	8	8	0	0	0	0	0	0	0	0	0	0	0	0	17	17	17	0	0	0	0	0	0	0	0	0	0	0	0	10	8	8	0	0	0	0	0	0	0	0	0	0	0	0	39	38	37	1	0	0	0	0	0	0	1	0	0	0	1	2	2	2	0	0	0	0	0	0	0	0	0	0	0	0
30	seq103@1	productive	Homsap IGHV3-74*01 F	106	98	98	0	0	0	0	0	0	0	0	0	0	0	0	26	25	25	0	0	0	0	0	0	0	0	0	0	0	0	12	8	8	0	0	0	0	0	0	0	0	0	0	0	0	17	17	17	0	0	0	0	0	0	0	0	0	0	0	0	10	8	8	0	0	0	0	0	0	0	0	0	0	0	0	39	38	38	0	0	0	0	0	0	0	0	0	0	0	0	2	2	2	0	0	0	0	0	0	0	0	0	0	0	0
31	seq106@2	productive	Homsap IGHV3-74*01 F	106	98	95	3	0	0	0	0	0	0	3	0	0	0	3	26	25	23	2	0	0	0	0	0	0	2	0	0	0	2	12	8	8	0	0	0	0	0	0	0	0	0	0	0	0	17	17	17	0	0	0	0	0	0	0	0	0	0	0	0	10	8	8	0	0	0	0	0	0	0	0	0	0	0	0	39	38	37	1	0	0	0	0	0	0	1	0	0	0	1	2	2	2	0	0	0	0	0	0	0	0	0	0	0	0
32	seq111@2	productive	Homsap IGHV3-74*01 F	106	98	98	0	0	0	0	0	0	0	0	0	0	0	0	26	25	25	0	0	0	0	0	0	0	0	0	0	0	0	12	8	8	0	0	0	0	0	0	0	0	0	0	0	0	17	17	17	0	0	0	0	0	0	0	0	0	0	0	0	10	8	8	0	0	0	0	0	0	0	0	0	0	0	0	39	38	38	0	0	0	0	0	0	0	0	0	0	0	0	2	2	2	0	0	0	0	0	0	0	0	0	0	0	0
33	seq113@1	productive	Homsap IGHV3-74*01 F	106	98	97	1	0	1	0	0	0	0	0	0	1	0	0	26	25	25	0	0	0	0	0	0	0	0	0	0	0	0	12	8	8	0	0	0	0	0	0	0	0	0	0	0	0	17	17	17	0	0	0	0	0	0	0	0	0	0	0	0	10	8	8	0	0	0	0	0	0	0	0	0	0	0	0	39	38	37	1	0	1	0	0	0	0	0	0	1	0	0	2	2	2	0	0	0	0	0	0	0	0	0	0	0	0
34	seq120@2	productive	Homsap IGHV3-74*02 F	106	98	96	2	0	0	1	1	0	0	0	0	1	1	0	26	25	25	0	0	0	0	0	0	0	0	0	0	0	0	12	8	8	0	0	0	0	0	0	0	0	0	0	0	0	17	17	17	0	0	0	0	0	0	0	0	0	0	0	0	10	8	8	0	0	0	0	0	0	0	0	0	0	0	0	39	38	36	2	0	0	1	1	0	0	0	0	1	1	0	2	2	2	0	0	0	0	0	0	0	0	0	0	0	0
35	seq123@1	productive	Homsap IGHV3-74*01 F	106	98	93	5	0	0	0	3	0	0	2	0	0	3	2	26	25	23	2	0	0	0	1	0	0	1	0	0	1	1	12	8	8	0	0	0	0	0	0	0	0	0	0	0	0	17	17	15	2	0	0	0	1	0	0	1	0	0	1	1	10	8	8	0	0	0	0	0	0	0	0	0	0	0	0	39	38	37	1	0	0	0	1	0	0	0	0	0	1	0	2	2	2	0	0	0	0	0	0	0	0	0	0	0	0
36	seq125@1	productive	Homsap IGHV3-74*01 F	106	98	94	4	0	0	0	3	0	0	1	0	0	3	1	26	25	23	2	0	0	0	1	0	0	1	0	0	1	1	12	8	8	0	0	0	0	0	0	0	0	0	0	0	0	17	17	16	1	0	0	0	1	0	0	0	0	0	1	0	10	8	8	0	0	0	0	0	0	0	0	0	0	0	0	39	38	37	1	0	0	0	1	0	0	0	0	0	1	0	2	2	2	0	0	0	0	0	0	0	0	0	0	0	0
37	seq126@1	productive	Homsap IGHV3-74*01 F	106	98	92	6	0	0	0	4	0	0	2	0	0	4	2	26	25	23	2	0	0	0	1	0	0	1	0	0	1	1	12	8	7	1	0	0	0	0	0	0	1	0	0	0	1	17	17	16	1	0	0	0	1	0	0	0	0	0	1	0	10	8	8	0	0	0	0	0	0	0	0	0	0	0	0	39	38	36	2	0	0	0	2	0	0	0	0	0	2	0	2	2	2	0	0	0	0	0	0	0	0	0	0	0	0
38	seq127@1	productive	Homsap IGHV3-74*01 F	106	98	92	6	0	0	1	3	0	0	2	0	1	3	2	26	25	23	2	0	0	0	1	0	0	1	0	0	1	1	12	8	7	1	0	0	0	0	0	0	1	0	0	0	1	17	17	15	2	0	0	1	1	0	0	0	0	1	1	0	10	8	8	0	0	0	0	0	0	0	0	0	0	0	0	39	38	37	1	0	0	0	1	0	0	0	0	0	1	0	2	2	2	0	0	0	0	0	0	0	0	0	0	0	0
39	seq128@1	productive	Homsap IGHV3-74*01 F	106	98	91	7	0	0	2	3	0	0	2	0	2	3	2	26	25	22	3	0	0	1	1	0	0	1	0	1	1	1	12	8	7	1	0	0	0	0	0	0	1	0	0	0	1	17	17	16	1	0	0	0	1	0	0	0	0	0	1	0	10	8	8	0	0	0	0	0	0	0	0	0	0	0	0	39	38	36	2	0	0	1	1	0	0	0	0	1	1	0	2	2	2	0	0	0	0	0	0	0	0	0	0	0	0
40	seq130@1	productive	Homsap IGHV3-74*01 F	106	98	94	4	0	0	0	3	0	0	1	0	0	3	1	26	25	24	1	0	0	0	0	0	0	1	0	0	0	1	12	8	8	0	0	0	0	0	0	0	0	0	0	0	0	17	17	16	1	0	0	0	1	0	0	0	0	0	1	0	10	8	8	0	0	0	0	0	0	0	0	0	0	0	0	39	38	36	2	0	0	0	2	0	0	0	0	0	2	0	2	2	2	0	0	0	0	0	0	0	0	0	0	0	0
41	seq134@1	productive	Homsap IGHV3-74*01 F	106	98	93	5	0	1	0	2	0	0	2	0	1	2	2	26	25	23	2	0	1	0	0	0	0	1	0	1	0	1	12	8	8	0	0	0	0	0	0	0	0	0	0	0	0	17	17	16	1	0	0	0	1	0	0	0	0	0	1	0	10	8	8	0	0	0	0	0	0	0	0	0	0	0	0	39	38	36	2	0	0	0	1	0	0	1	0	0	1	1	2	2	2	0	0	0	0	0	0	0	0	0	0	0	0
42	seq135@1	productive	Homsap IGHV3-74*01 F	106	98	90	8	0	0	0	3	1	0	4	0	0	4	4	26	25	23	2	0	0	0	0	0	0	2	0	0	0	2	12	8	7	1	0	0	0	1	0	0	0	0	0	1	0	17	17	15	2	0	0	0	1	0	0	1	0	0	1	1	10	8	8	0	0	0	0	0	0	0	0	0	0	0	0	39	38	35	3	0	0	0	1	1	0	1	0	0	2	1	2	2	2	0	0	0	0	0	0	0	0	0	0	0	0
43	seq139@1	productive	Homsap IGHV3-74*01 F	106	98	93	5	0	0	0	2	1	0	2	0	0	3	2	26	25	24	1	0	0	0	0	0	0	1	0	0	0	1	12	8	8	0	0	0	0	0	0	0	0	0	0	0	0	17	17	16	1	0	0	0	1	0	0	0	0	0	1	0	10	8	8	0	0	0	0	0	0	0	0	0	0	0	0	39	38	35	3	0	0	0	1	1	0	1	0	0	2	1	2	2	2	0	0	0	0	0	0	0	0	0	0	0	0
44	seq142@1	productive	Homsap IGHV3-74*01 F	106	98	92	6	0	1	0	2	1	0	2	0	1	3	2	26	25	24	1	0	0	0	0	0	0	1	0	0	0	1	12	8	8	0	0	0	0	0	0	0	0	0	0	0	0	17	17	15	2	0	1	0	1	0	0	0	0	1	1	0	10	8	8	0	0	0	0	0	0	0	0	0	0	0	0	39	38	35	3	0	0	0	1	1	0	1	0	0	2	1	2	2	2	0	0	0	0	0	0	0	0	0	0	0	0
45	seq144@1	productive	Homsap IGHV3-74*01 F	106	98	91	7	0	0	0	3	1	0	3	0	0	4	3	26	25	22	3	0	0	0	1	0	0	2	0	0	1	2	12	8	8	0	0	0	0	0	0	0	0	0	0	0	0	17	17	16	1	0	0	0	1	0	0	0	0	0	1	0	10	8	8	0	0	0	0	0	0	0	0	0	0	0	0	39	38	35	3	0	0	0	1	1	0	1	0	0	2	1	2	2	2	0	0	0	0	0	0	0	0	0	0	0	0
46	seq148@1	productive	Homsap IGHV3-74*01 F	106	98	92	6	0	0	0	2	1	0	3	0	0	3	3	26	25	24	1	0	0	0	0	0	0	1	0	0	0	1	12	8	8	0	0	0	0	0	0	0	0	0	0	0	0	17	17	16	1	0	0	0	1	0	0	0	0	0	1	0	10	8	8	0	0	0	0	0	0	0	0	0	0	0	0	39	38	34	4	0	0	0	1	1	0	2	0	0	2	2	2	2	2	0	0	0	0	0	0	0	0	0	0	0	0
47	seq151@1	productive	Homsap IGHV3-74*01 F	106	98	96	2	0	0	0	1	0	0	1	0	0	1	1	26	25	25	0	0	0	0	0	0	0	0	0	0	0	0	12	8	8	0	0	0	0	0	0	0	0	0	0	0	0	17	17	17	0	0	0	0	0	0	0	0	0	0	0	0	10	8	8	0	0	0	0	0	0	0	0	0	0	0	0	39	38	36	2	0	0	0	1	0	0	1	0	0	1	1	2	2	2	0	0	0	0	0	0	0	0	0	0	0	0
48	seq152@1	productive	Homsap IGHV3-74*01 F	106	98	95	3	0	1	0	1	0	0	1	0	1	1	1	26	25	24	1	0	1	0	0	0	0	0	0	1	0	0	12	8	8	0	0	0	0	0	0	0	0	0	0	0	0	17	17	17	0	0	0	0	0	0	0	0	0	0	0	0	10	8	8	0	0	0	0	0	0	0	0	0	0	0	0	39	38	36	2	0	0	0	1	0	0	1	0	0	1	1	2	2	2	0	0	0	0	0	0	0	0	0	0	0	0
49	seq155@1	productive	Homsap IGHV3-74*01 F	106	98	96	2	0	0	0	2	0	0	0	0	0	2	0	26	25	25	0	0	0	0	0	0	0	0	0	0	0	0	12	8	8	0	0	0	0	0	0	0	0	0	0	0	0	17	17	17	0	0	0	0	0	0	0	0	0	0	0	0	10	8	8	0	0	0	0	0	0	0	0	0	0	0	0	39	38	36	2	0	0	0	2	0	0	0	0	0	2	0	2	2	2	0	0	0	0	0	0	0	0	0	0	0	0
50	seq156@1	productive	Homsap IGHV3-74*01 F	106	98	96	2	0	0	0	1	0	0	1	0	0	1	1	26	25	25	0	0	0	0	0	0	0	0	0	0	0	0	12	8	7	1	0	0	0	0	0	0	1	0	0	0	1	17	17	17	0	0	0	0	0	0	0	0	0	0	0	0	10	8	8	0	0	0	0	0	0	0	0	0	0	0	0	39	38	37	1	0	0	0	1	0	0	0	0	0	1	0	2	2	2	0	0	0	0	0	0	0	0	0	0	0	0
51	seq158@1	productive	Homsap IGHV3-74*01 F	106	98	94	4	0	0	0	3	0	0	1	0	0	3	1	26	25	23	2	0	0	0	2	0	0	0	0	0	2	0	12	8	8	0	0	0	0	0	0	0	0	0	0	0	0	17	17	17	0	0	0	0	0	0	0	0	0	0	0	0	10	8	7	1	0	0	0	0	0	0	1	0	0	0	1	39	38	37	1	0	0	0	1	0	0	0	0	0	1	0	2	2	2	0	0	0	0	0	0	0	0	0	0	0	0
52	seq159@1	productive	Homsap IGHV3-74*01 F	106	98	94	4	0	0	0	4	0	0	0	0	0	4	0	26	25	22	3	0	0	0	3	0	0	0	0	0	3	0	12	8	8	0	0	0	0	0	0	0	0	0	0	0	0	17	17	17	0	0	0	0	0	0	0	0	0	0	0	0	10	8	8	0	0	0	0	0	0	0	0	0	0	0	0	39	38	37	1	0	0	0	1	0	0	0	0	0	1	0	2	2	2	0	0	0	0	0	0	0	0	0	0	0	0
53	seq160@1	productive	Homsap IGHV3-74*01 F	106	98	96	2	0	0	0	2	0	0	0	0	0	2	0	26	25	24	1	0	0	0	1	0	0	0	0	0	1	0	12	8	8	0	0	0	0	0	0	0	0	0	0	0	0	17	17	17	0	0	0	0	0	0	0	0	0	0	0	0	10	8	8	0	0	0	0	0	0	0	0	0	0	0	0	39	38	37	1	0	0	0	1	0	0	0	0	0	1	0	2	2	2	0	0	0	0	0	0	0	0	0	0	0	0
54	seq165@1	productive	Homsap IGHV3-74*01 F	106	98	96	2	0	1	0	1	0	0	0	0	1	1	0	26	25	24	1	0	1	0	0	0	0	0	0	1	0	0	12	8	8	0	0	0	0	0	0	0	0	0	0	0	0	17	17	17	0	0	0	0	0	0	0	0	0	0	0	0	10	8	8	0	0	0	0	0	0	0	0	0	0	0	0	39	38	37	1	0	0	0	1	0	0	0	0	0	1	0	2	2	2	0	0	0	0	0	0	0	0	0	0	0	0
55	seq167@1	productive	Homsap IGHV3-74*01 F	106	98	97	1	0	0	0	1	0	0	0	0	0	1	0	26	25	25	0	0	0	0	0	0	0	0	0	0	0	0	12	8	8	0	0	0	0	0	0	0	0	0	0	0	0	17	17	17	0	0	0	0	0	0	0	0	0	0	0	0	10	8	8	0	0	0	0	0	0	0	0	0	0	0	0	39	38	37	1	0	0	0	1	0	0	0	0	0	1	0	2	2	2	0	0	0	0	0	0	0	0	0	0	0	0
56	seq169@1	productive	Homsap IGHV3-74*01 F	106	98	96	2	0	0	0	2	0	0	0	0	0	2	0	26	25	25	0	0	0	0	0	0	0	0	0	0	0	0	12	8	8	0	0	0	0	0	0	0	0	0	0	0	0	17	17	17	0	0	0	0	0	0	0	0	0	0	0	0	10	8	8	0	0	0	0	0	0	0	0	0	0	0	0	39	38	36	2	0	0	0	2	0	0	0	0	0	2	0	2	2	2	0	0	0	0	0	0	0	0	0	0	0	0
57	seq170@1	productive	Homsap IGHV3-74*01 F	106	98	96	2	0	0	0	1	0	0	1	0	0	1	1	26	25	25	0	0	0	0	0	0	0	0	0	0	0	0	12	8	8	0	0	0	0	0	0	0	0	0	0	0	0	17	17	16	1	0	0	0	0	0	0	1	0	0	0	1	10	8	8	0	0	0	0	0	0	0	0	0	0	0	0	39	38	37	1	0	0	0	1	0	0	0	0	0	1	0	2	2	2	0	0	0	0	0	0	0	0	0	0	0	0
58	seq176@1	productive	Homsap IGHV3-74*01 F	106	98	95	3	0	0	1	1	0	0	1	0	1	1	1	26	25	25	0	0	0	0	0	0	0	0	0	0	0	0	12	8	8	0	0	0	0	0	0	0	0	0	0	0	0	17	17	16	1	0	0	1	0	0	0	0	0	1	0	0	10	8	8	0	0	0	0	0	0	0	0	0	0	0	0	39	38	36	2	0	0	0	1	0	0	1	0	0	1	1	2	2	2	0	0	0	0	0	0	0	0	0	0	0	0
59	seq177@1	productive	Homsap IGHV3-74*01 F	106	98	95	3	0	0	1	1	1	0	0	0	1	2	0	26	25	24	1	0	0	0	0	1	0	0	0	0	1	0	12	8	8	0	0	0	0	0	0	0	0	0	0	0	0	17	17	16	1	0	0	1	0	0	0	0	0	1	0	0	10	8	8	0	0	0	0	0	0	0	0	0	0	0	0	39	38	37	1	0	0	0	1	0	0	0	0	0	1	0	2	2	2	0	0	0	0	0	0	0	0	0	0	0	0
60	seq178@1	productive	Homsap IGHV3-74*01 F	106	98	95	3	0	0	1	2	0	0	0	0	1	2	0	26	25	25	0	0	0	0	0	0	0	0	0	0	0	0	12	8	8	0	0	0	0	0	0	0	0	0	0	0	0	17	17	15	2	0	0	1	1	0	0	0	0	1	1	0	10	8	8	0	0	0	0	0	0	0	0	0	0	0	0	39	38	37	1	0	0	0	1	0	0	0	0	0	1	0	2	2	2	0	0	0	0	0	0	0	0	0	0	0	0
61	seq180@1	productive	Homsap IGHV3-74*01 F	106	98	97	1	0	1	0	0	0	0	0	0	1	0	0	26	25	25	0	0	0	0	0	0	0	0	0	0	0	0	12	8	8	0	0	0	0	0	0	0	0	0	0	0	0	17	17	16	1	0	1	0	0	0	0	0	0	1	0	0	10	8	8	0	0	0	0	0	0	0	0	0	0	0	0	39	38	38	0	0	0	0	0	0	0	0	0	0	0	0	2	2	2	0	0	0	0	0	0	0	0	0	0	0	0
62	seq183@1	productive	Homsap IGHV3-74*01 F	106	98	97	1	0	1	0	0	0	0	0	0	1	0	0	26	25	25	0	0	0	0	0	0	0	0	0	0	0	0	12	8	8	0	0	0	0	0	0	0	0	0	0	0	0	17	17	16	1	0	1	0	0	0	0	0	0	1	0	0	10	8	8	0	0	0	0	0	0	0	0	0	0	0	0	39	38	38	0	0	0	0	0	0	0	0	0	0	0	0	2	2	2	0	0	0	0	0	0	0	0	0	0	0	0
63	seq184@1	productive	Homsap IGHV3-74*01 F	106	98	97	1	0	0	0	1	0	0	0	0	0	1	0	26	25	25	0	0	0	0	0	0	0	0	0	0	0	0	12	8	7	1	0	0	0	1	0	0	0	0	0	1	0	17	17	17	0	0	0	0	0	0	0	0	0	0	0	0	10	8	8	0	0	0	0	0	0	0	0	0	0	0	0	39	38	38	0	0	0	0	0	0	0	0	0	0	0	0	2	2	2	0	0	0	0	0	0	0	0	0	0	0	0
64	seq186@1	productive	Homsap IGHV3-74*01 F	106	98	97	1	0	0	0	0	1	0	0	0	0	1	0	26	25	25	0	0	0	0	0	0	0	0	0	0	0	0	12	8	7	1	0	0	0	0	1	0	0	0	0	1	0	17	17	17	0	0	0	0	0	0	0	0	0	0	0	0	10	8	8	0	0	0	0	0	0	0	0	0	0	0	0	39	38	38	0	0	0	0	0	0	0	0	0	0	0	0	2	2	2	0	0	0	0	0	0	0	0	0	0	0	0
65	seq187@1	productive	Homsap IGHV3-74*01 F	106	98	97	1	0	0	0	0	0	0	1	0	0	0	1	26	25	25	0	0	0	0	0	0	0	0	0	0	0	0	12	8	8	0	0	0	0	0	0	0	0	0	0	0	0	17	17	16	1	0	0	0	0	0	0	1	0	0	0	1	10	8	8	0	0	0	0	0	0	0	0	0	0	0	0	39	38	38	0	0	0	0	0	0	0	0	0	0	0	0	2	2	2	0	0	0	0	0	0	0	0	0	0	0	0
66	seq188@1	productive	Homsap IGHV3-74*01 F	106	98	97	1	0	1	0	0	0	0	0	0	1	0	0	26	25	25	0	0	0	0	0	0	0	0	0	0	0	0	12	8	8	0	0	0	0	0	0	0	0	0	0	0	0	17	17	17	0	0	0	0	0	0	0	0	0	0	0	0	10	8	7	1	0	1	0	0	0	0	0	0	1	0	0	39	38	38	0	0	0	0	0	0	0	0	0	0	0	0	2	2	2	0	0	0	0	0	0	0	0	0	0	0	0
67	seq191@1	productive	Homsap IGHV3-74*01 F	106	98	97	1	0	0	0	0	0	0	1	0	0	0	1	26	25	25	0	0	0	0	0	0	0	0	0	0	0	0	12	8	8	0	0	0	0	0	0	0	0	0	0	0	0	17	17	17	0	0	0	0	0	0	0	0	0	0	0	0	10	8	7	1	0	0	0	0	0	0	1	0	0	0	1	39	38	38	0	0	0	0	0	0	0	0	0	0	0	0	2	2	2	0	0	0	0	0	0	0	0	0	0	0	0
68	seq192@1	productive	Homsap IGHV3-74*01 F	106	98	96	2	0	1	0	0	0	0	1	0	1	0	1	26	25	24	1	0	0	0	0	0	0	1	0	0	0	1	12	8	8	0	0	0	0	0	0	0	0	0	0	0	0	17	17	16	1	0	1	0	0	0	0	0	0	1	0	0	10	8	8	0	0	0	0	0	0	0	0	0	0	0	0	39	38	38	0	0	0	0	0	0	0	0	0	0	0	0	2	2	2	0	0	0	0	0	0	0	0	0	0	0	0
69	seq198@1	productive	Homsap IGHV3-74*01 F	106	98	98	0	0	0	0	0	0	0	0	0	0	0	0	26	25	25	0	0	0	0	0	0	0	0	0	0	0	0	12	8	8	0	0	0	0	0	0	0	0	0	0	0	0	17	17	17	0	0	0	0	0	0	0	0	0	0	0	0	10	8	8	0	0	0	0	0	0	0	0	0	0	0	0	39	38	38	0	0	0	0	0	0	0	0	0	0	0	0	2	2	2	0	0	0	0	0	0	0	0	0	0	0	0
70	seq201@1	productive	Homsap IGHV3-74*01 F	106	98	97	1	0	0	0	0	0	0	1	0	0	0	1	26	25	25	0	0	0	0	0	0	0	0	0	0	0	0	12	8	8	0	0	0	0	0	0	0	0	0	0	0	0	17	17	17	0	0	0	0	0	0	0	0	0	0	0	0	10	8	8	0	0	0	0	0	0	0	0	0	0	0	0	39	38	37	1	0	0	0	0	0	0	1	0	0	0	1	2	2	2	0	0	0	0	0	0	0	0	0	0	0	0
71	seq204@1	productive	Homsap IGHV3-74*01 F	106	98	95	3	0	1	0	1	0	0	1	0	1	1	1	26	25	25	0	0	0	0	0	0	0	0	0	0	0	0	12	8	7	1	0	1	0	0	0	0	0	0	1	0	0	17	17	17	0	0	0	0	0	0	0	0	0	0	0	0	10	8	8	0	0	0	0	0	0	0	0	0	0	0	0	39	38	36	2	0	0	0	1	0	0	1	0	0	1	1	2	2	2	0	0	0	0	0	0	0	0	0	0	0	0
72	seq209@1	productive	Homsap IGHV3-74*01 F	106	98	98	0	0	0	0	0	0	0	0	0	0	0	0	26	25	25	0	0	0	0	0	0	0	0	0	0	0	0	12	8	8	0	0	0	0	0	0	0	0	0	0	0	0	17	17	17	0	0	0	0	0	0	0	0	0	0	0	0	10	8	8	0	0	0	0	0	0	0	0	0	0	0	0	39	38	38	0	0	0	0	0	0	0	0	0	0	0	0	2	2	2	0	0	0	0	0	0	0	0	0	0	0	0
73	seq211@1	productive	Homsap IGHV3-74*01 F	106	98	97	1	0	0	0	0	0	0	1	0	0	0	1	26	25	25	0	0	0	0	0	0	0	0	0	0	0	0	12	8	8	0	0	0	0	0	0	0	0	0	0	0	0	17	17	17	0	0	0	0	0	0	0	0	0	0	0	0	10	8	8	0	0	0	0	0	0	0	0	0	0	0	0	39	38	37	1	0	0	0	0	0	0	1	0	0	0	1	2	2	2	0	0	0	0	0	0	0	0	0	0	0	0
74	seq213@1	productive	Homsap IGHV3-74*01 F	106	98	96	2	0	1	0	0	0	0	1	0	1	0	1	26	25	24	1	0	1	0	0	0	0	0	0	1	0	0	12	8	7	1	0	0	0	0	0	0	1	0	0	0	1	17	17	17	0	0	0	0	0	0	0	0	0	0	0	0	10	8	8	0	0	0	0	0	0	0	0	0	0	0	0	39	38	38	0	0	0	0	0	0	0	0	0	0	0	0	2	2	2	0	0	0	0	0	0	0	0	0	0	0	0
75	seq214@1	productive	Homsap IGHV3-74*01 F	106	98	97	1	0	1	0	0	0	0	0	0	1	0	0	26	25	24	1	0	1	0	0	0	0	0	0	1	0	0	12	8	8	0	0	0	0	0	0	0	0	0	0	0	0	17	17	17	0	0	0	0	0	0	0	0	0	0	0	0	10	8	8	0	0	0	0	0	0	0	0	0	0	0	0	39	38	38	0	0	0	0	0	0	0	0	0	0	0	0	2	2	2	0	0	0	0	0	0	0	0	0	0	0	0
76	seq217@1	productive	Homsap IGHV3-74*01 F	106	98	98	0	0	0	0	0	0	0	0	0	0	0	0	26	25	25	0	0	0	0	0	0	0	0	0	0	0	0	12	8	8	0	0	0	0	0	0	0	0	0	0	0	0	17	17	17	0	0	0	0	0	0	0	0	0	0	0	0	10	8	8	0	0	0	0	0	0	0	0	0	0	0	0	39	38	38	0	0	0	0	0	0	0	0	0	0	0	0	2	2	2	0	0	0	0	0	0	0	0	0	0	0	0
77	seq218@1	productive	Homsap IGHV3-74*01 F	106	98	97	1	0	0	0	0	0	0	1	0	0	0	1	26	25	25	0	0	0	0	0	0	0	0	0	0	0	0	12	8	8	0	0	0	0	0	0	0	0	0	0	0	0	17	17	16	1	0	0	0	0	0	0	1	0	0	0	1	10	8	8	0	0	0	0	0	0	0	0	0	0	0	0	39	38	38	0	0	0	0	0	0	0	0	0	0	0	0	2	2	2	0	0	0	0	0	0	0	0	0	0	0	0
78	seq220@1	productive	Homsap IGHV3-74*01 F	106	98	98	0	0	0	0	0	0	0	0	0	0	0	0	26	25	25	0	0	0	0	0	0	0	0	0	0	0	0	12	8	8	0	0	0	0	0	0	0	0	0	0	0	0	17	17	17	0	0	0	0	0	0	0	0	0	0	0	0	10	8	8	0	0	0	0	0	0	0	0	0	0	0	0	39	38	38	0	0	0	0	0	0	0	0	0	0	0	0	2	2	2	0	0	0	0	0	0	0	0	0	0	0	0
79	seq221@1	productive	Homsap IGHV3-74*01 F	106	98	98	0	0	0	0	0	0	0	0	0	0	0	0	26	25	25	0	0	0	0	0	0	0	0	0	0	0	0	12	8	8	0	0	0	0	0	0	0	0	0	0	0	0	17	17	17	0	0	0	0	0	0	0	0	0	0	0	0	10	8	8	0	0	0	0	0	0	0	0	0	0	0	0	39	38	38	0	0	0	0	0	0	0	0	0	0	0	0	2	2	2	0	0	0	0	0	0	0	0	0	0	0	0
80	seq222@1	productive	Homsap IGHV3-74*01 F	106	98	96	2	0	0	0	1	0	0	1	0	0	1	1	26	25	25	0	0	0	0	0	0	0	0	0	0	0	0	12	8	8	0	0	0	0	0	0	0	0	0	0	0	0	17	17	17	0	0	0	0	0	0	0	0	0	0	0	0	10	8	7	1	0	0	0	0	0	0	1	0	0	0	1	39	38	37	1	0	0	0	1	0	0	0	0	0	1	0	2	2	2	0	0	0	0	0	0	0	0	0	0	0	0
81	seq223@1	productive	Homsap IGHV3-74*01 F	106	98	95	3	0	0	0	1	0	0	2	0	0	1	2	26	25	24	1	0	0	0	0	0	0	1	0	0	0	1	12	8	8	0	0	0	0	0	0	0	0	0	0	0	0	17	17	17	0	0	0	0	0	0	0	0	0	0	0	0	10	8	7	1	0	0	0	0	0	0	1	0	0	0	1	39	38	37	1	0	0	0	1	0	0	0	0	0	1	0	2	2	2	0	0	0	0	0	0	0	0	0	0	0	0
82	seq226@1	productive	Homsap IGHV3-74*01 F	106	98	97	1	0	0	0	1	0	0	0	0	0	1	0	26	25	25	0	0	0	0	0	0	0	0	0	0	0	0	12	8	8	0	0	0	0	0	0	0	0	0	0	0	0	17	17	17	0	0	0	0	0	0	0	0	0	0	0	0	10	8	8	0	0	0	0	0	0	0	0	0	0	0	0	39	38	37	1	0	0	0	1	0	0	0	0	0	1	0	2	2	2	0	0	0	0	0	0	0	0	0	0	0	0
83	seq228@1	productive	Homsap IGHV3-74*01 F	106	98	97	1	0	0	0	0	1	0	0	0	0	1	0	26	25	25	0	0	0	0	0	0	0	0	0	0	0	0	12	8	8	0	0	0	0	0	0	0	0	0	0	0	0	17	17	17	0	0	0	0	0	0	0	0	0	0	0	0	10	8	8	0	0	0	0	0	0	0	0	0	0	0	0	39	38	37	1	0	0	0	0	1	0	0	0	0	1	0	2	2	2	0	0	0	0	0	0	0	0	0	0	0	0
