Sequence number	Sequence ID	V-DOMAIN Functionality	V-GENE and allele	V-REGION Nb of positions including IMGT gaps (nt)	V-REGION Nb of nucleotides	V-REGION Nb of identical nucleotides	V-REGION Nb of mutations	V-REGION Nb of silent mutations	V-REGION Nb of nonsilent mutations	V-REGION a>g	V-REGION g>a	V-REGION c>t	V-REGION t>c	V-REGION a>c	V-REGION c>a	V-REGION a>t	V-REGION t>a	V-REGION g>c	V-REGION c>g	V-REGION g>t	V-REGION t>g	FR1-IMGT Nb of positions including IMGT gaps (nt)	FR1-IMGT Nb of nucleotides	FR1-IMGT Nb of identical nucleotides	FR1-IMGT Nb of mutations	FR1-IMGT Nb of silent mutations	FR1-IMGT Nb of nonsilent mutations	FR1-IMGT a>g	FR1-IMGT g>a	FR1-IMGT c>t	FR1-IMGT t>c	FR1-IMGT a>c	FR1-IMGT c>a	FR1-IMGT a>t	FR1-IMGT t>a	FR1-IMGT g>c	FR1-IMGT c>g	FR1-IMGT g>t	FR1-IMGT t>g	CDR1-IMGT Nb of positions including IMGT gaps (nt)	CDR1-IMGT Nb of nucleotides	CDR1-IMGT Nb of identical nucleotides	CDR1-IMGT Nb of mutations	CDR1-IMGT Nb of silent mutations	CDR1-IMGT Nb of nonsilent mutations	CDR1-IMGT a>g	CDR1-IMGT g>a	CDR1-IMGT c>t	CDR1-IMGT t>c	CDR1-IMGT a>c	CDR1-IMGT c>a	CDR1-IMGT a>t	CDR1-IMGT t>a	CDR1-IMGT g>c	CDR1-IMGT c>g	CDR1-IMGT g>t	CDR1-IMGT t>g	FR2-IMGT Nb of positions including IMGT gaps (nt)	FR2-IMGT Nb of nucleotides	FR2-IMGT Nb of identical nucleotides	FR2-IMGT Nb of mutations	FR2-IMGT Nb of silent mutations	FR2-IMGT Nb of nonsilent mutations	FR2-IMGT a>g	FR2-IMGT g>a	FR2-IMGT c>t	FR2-IMGT t>c	FR2-IMGT a>c	FR2-IMGT c>a	FR2-IMGT a>t	FR2-IMGT t>a	FR2-IMGT g>c	FR2-IMGT c>g	FR2-IMGT g>t	FR2-IMGT t>g	CDR2-IMGT Nb of positions including IMGT gaps (nt)	CDR2-IMGT Nb of nucleotides	CDR2-IMGT Nb of identical nucleotides	CDR2-IMGT Nb of mutations	CDR2-IMGT Nb of silent mutations	CDR2-IMGT Nb of nonsilent mutations	CDR2-IMGT a>g	CDR2-IMGT g>a	CDR2-IMGT c>t	CDR2-IMGT t>c	CDR2-IMGT a>c	CDR2-IMGT c>a	CDR2-IMGT a>t	CDR2-IMGT t>a	CDR2-IMGT g>c	CDR2-IMGT c>g	CDR2-IMGT g>t	CDR2-IMGT t>g	FR3-IMGT Nb of positions including IMGT gaps (nt)	FR3-IMGT Nb of nucleotides	FR3-IMGT Nb of identical nucleotides	FR3-IMGT Nb of mutations	FR3-IMGT Nb of silent mutations	FR3-IMGT Nb of nonsilent mutations	FR3-IMGT a>g	FR3-IMGT g>a	FR3-IMGT c>t	FR3-IMGT t>c	FR3-IMGT a>c	FR3-IMGT c>a	FR3-IMGT a>t	FR3-IMGT t>a	FR3-IMGT g>c	FR3-IMGT c>g	FR3-IMGT g>t	FR3-IMGT t>g	CDR3-IMGT Nb of positions including IMGT gaps (nt)	CDR3-IMGT Nb of nucleotides	CDR3-IMGT Nb of identical nucleotides	CDR3-IMGT Nb of mutations	CDR3-IMGT Nb of silent mutations	CDR3-IMGT Nb of nonsilent mutations	CDR3-IMGT a>g	CDR3-IMGT g>a	CDR3-IMGT c>t	CDR3-IMGT t>c	CDR3-IMGT a>c	CDR3-IMGT c>a	CDR3-IMGT a>t	CDR3-IMGT t>a	CDR3-IMGT g>c	CDR3-IMGT c>g	CDR3-IMGT g>t	CDR3-IMGT t>g
1	naive@8	productive	Homsap IGHV3-74*01 F	320	296	296	0	0	0	0	0	0	0	0	0	0	0	0	0	0	0	78	75	75	0	0	0	0	0	0	0	0	0	0	0	0	0	0	0	36	24	24	0	0	0	0	0	0	0	0	0	0	0	0	0	0	0	51	51	51	0	0	0	0	0	0	0	0	0	0	0	0	0	0	0	30	24	24	0	0	0	0	0	0	0	0	0	0	0	0	0	0	0	117	114	114	0	0	0	0	0	0	0	0	0	0	0	0	0	0	0	8	8	8	0	0	0	0	0	0	0	0	0	0	0	0	0	0	0
2	seq1@2	productive	Homsap IGHV3-74*01 F	320	296	295	1	1	0	0	0	0	1	0	0	0	0	0	0	0	0	78	75	75	0	0	0	0	0	0	0	0	0	0	0	0	0	0	0	36	24	24	0	0	0	0	0	0	0	0	0	0	0	0	0	0	0	51	51	51	0	0	0	0	0	0	0	0	0	0	0	0	0	0	0	30	24	23	1	1	0	0	0	0	1	0	0	0	0	0	0	0	0	117	114	114	0	0	0	0	0	0	0	0	0	0	0	0	0	0	0	8	8	8	0	0	0	0	0	0	0	0	0	0	0	0	0	0	0
3	seq3@5	productive	Homsap IGHV3-74*01 F	320	296	293	3	2	1	0	0	0	2	0	1	0	0	0	0	0	0	78	75	75	0	0	0	0	0	0	0	0	0	0	0	0	0	0	0	36	24	23	1	1	0	0	0	0	1	0	0	0	0	0	0	0	0	51	51	51	0	0	0	0	0	0	0	0	0	0	0	0	0	0	0	30	24	23	1	1	0	0	0	0	1	0	0	0	0	0	0	0	0	117	114	113	1	0	1	0	0	0	0	0	1	0	0	0	0	0	0	8	8	8	0	0	0	0	0	0	0	0	0	0	0	0	0	0	0
4	seq7@2	productive	Homsap IGHV3-74*01 F	320	296	292	4	3	1	0	0	0	2	0	1	0	0	0	0	1	0	78	75	75	0	0	0	0	0	0	0	0	0	0	0	0	0	0	0	36	24	23	1	1	0	0	0	0	1	0	0	0	0	0	0	0	0	51	51	50	1	1	0	0	0	0	0	0	0	0	0	0	0	1	0	30	24	23	1	1	0	0	0	0	1	0	0	0	0	0	0	0	0	117	114	113	1	0	1	0	0	0	0	0	1	0	0	0	0	0	0	8	8	8	0	0	0	0	0	0	0	0	0	0	0	0	0	0	0
5	seq22@1	productive	Homsap IGHV3-74*01 F	320	296	292	4	1	3	1	0	0	1	1	0	0	0	0	0	1	0	78	75	75	0	0	0	0	0	0	0	0	0	0	0	0	0	0	0	36	24	24	0	0	0	0	0	0	0	0	0	0	0	0	0	0	0	51	51	51	0	0	0	0	0	0	0	0	0	0	0	0	0	0	0	30	24	22	2	1	1	0	0	0	1	1	0	0	0	0	0	0	0	117	114	112	2	0	2	1	0	0	0	0	0	0	0	0	0	1	0	8	8	8	0	0	0	0	0	0	0	0	0	0	0	0	0	0	0
6	seq24@1	productive	Homsap IGHV3-74*01 F	320	296	295	1	0	1	1	0	0	0	0	0	0	0	0	0	0	0	78	75	75	0	0	0	0	0	0	0	0	0	0	0	0	0	0	0	36	24	24	0	0	0	0	0	0	0	0	0	0	0	0	0	0	0	51	51	50	1	0	1	1	0	0	0	0	0	0	0	0	0	0	0	30	24	24	0	0	0	0	0	0	0	0	0	0	0	0	0	0	0	117	114	114	0	0	0	0	0	0	0	0	0	0	0	0	0	0	0	8	8	8	0	0	0	0	0	0	0	0	0	0	0	0	0	0	0
7	seq29@3	productive	Homsap IGHV3-74*01 F	320	296	294	2	0	2	1	0	0	0	0	1	0	0	0	0	0	0	78	75	74	1	0	1	0	0	0	0	0	1	0	0	0	0	0	0	36	24	24	0	0	0	0	0	0	0	0	0	0	0	0	0	0	0	51	51	50	1	0	1	1	0	0	0	0	0	0	0	0	0	0	0	30	24	24	0	0	0	0	0	0	0	0	0	0	0	0	0	0	0	117	114	114	0	0	0	0	0	0	0	0	0	0	0	0	0	0	0	8	8	8	0	0	0	0	0	0	0	0	0	0	0	0	0	0	0
8	seq33@1	productive	Homsap IGHV3-74*01 F	320	296	291	5	4	1	0	0	0	2	0	1	0	0	1	0	1	0	78	75	74	1	1	0	0	0	0	0	0	0	0	0	1	0	0	0	36	24	23	1	1	0	0	0	0	1	0	0	0	0	0	0	0	0	51	51	50	1	1	0	0	0	0	0	0	0	0	0	0	0	1	0	30	24	23	1	1	0	0	0	0	1	0	0	0	0	0	0	0	0	117	114	113	1	0	1	0	0	0	0	0	1	0	0	0	0	0	0	8	8	8	0	0	0	0	0	0	0	0	0	0	0	0	0	0	0
9	seq44@1	productive	Homsap IGHV3-74*01 F	320	296	293	3	1	2	1	0	0	1	0	0	0	0	0	0	0	1	78	75	75	0	0	0	0	0	0	0	0	0	0	0	0	0	0	0	36	24	24	0	0	0	0	0	0	0	0	0	0	0	0	0	0	0	51	51	50	1	0	1	0	0	0	0	0	0	0	0	0	0	0	1	30	24	23	1	1	0	0	0	0	1	0	0	0	0	0	0	0	0	117	114	113	1	0	1	1	0	0	0	0	0	0	0	0	0	0	0	8	8	8	0	0	0	0	0	0	0	0	0	0	0	0	0	0	0
10	seq47@1	productive	Homsap IGHV3-74*01 F	320	296	295	1	0	1	0	0	0	1	0	0	0	0	0	0	0	0	78	75	75	0	0	0	0	0	0	0	0	0	0	0	0	0	0	0	36	24	24	0	0	0	0	0	0	0	0	0	0	0	0	0	0	0	51	51	51	0	0	0	0	0	0	0	0	0	0	0	0	0	0	0	30	24	24	0	0	0	0	0	0	0	0	0	0	0	0	0	0	0	117	114	113	1	0	1	0	0	0	1	0	0	0	0	0	0	0	0	8	8	8	0	0	0	0	0	0	0	0	0	0	0	0	0	0	0
11	seq54@1	productive	Homsap IGHV3-74*01 F	320	296	295	1	0	1	0	0	0	0	0	0	1	0	0	0	0	0	78	75	75	0	0	0	0	0	0	0	0	0	0	0	0	0	0	0	36	24	24	0	0	0	0	0	0	0	0	0	0	0	0	0	0	0	51	51	51	0	0	0	0	0	0	0	0	0	0	0	0	0	0	0	30	24	24	0	0	0	0	0	0	0	0	0	0	0	0	0	0	0	117	114	113	1	0	1	0	0	0	0	0	0	1	0	0	0	0	0	8	8	8	0	0	0	0	0	0	0	0	0	0	0	0	0	0	0
12	seq57@1	productive	Homsap IGHV3-74*01 F	320	296	295	1	0	1	1	0	0	0	0	0	0	0	0	0	0	0	78	75	75	0	0	0	0	0	0	0	0	0	0	0	0	0	0	0	36	24	23	1	0	1	1	0	0	0	0	0	0	0	0	0	0	0	51	51	51	0	0	0	0	0	0	0	0	0	0	0	0	0	0	0	30	24	24	0	0	0	0	0	0	0	0	0	0	0	0	0	0	0	117	114	114	0	0	0	0	0	0	0	0	0	0	0	0	0	0	0	8	8	8	0	0	0	0	0	0	0	0	0	0	0	0	0	0	0
13	seq63@1	productive	Homsap IGHV3-74*01 F	320	296	291	5	3	2	1	0	0	2	0	1	0	0	0	0	1	0	78	75	74	1	0	1	1	0	0	0	0	0	0	0	0	0	0	0	36	24	23	1	1	0	0	0	0	1	0	0	0	0	0	0	0	0	51	51	50	1	1	0	0	0	0	0	0	0	0	0	0	0	1	0	30	24	23	1	1	0	0	0	0	1	0	0	0	0	0	0	0	0	117	114	113	1	0	1	0	0	0	0	0	1	0	0	0	0	0	0	8	8	8	0	0	0	0	0	0	0	0	0	0	0	0	0	0	0
14	seq65@1	productive	Homsap IGHV3-74*01 F	320	296	291	5	4	1	0	0	1	2	0	1	0	0	0	0	1	0	78	75	75	0	0	0	0	0	0	0	0	0	0	0	0	0	0	0	36	24	23	1	1	0	0	0	0	1	0	0	0	0	0	0	0	0	51	51	50	1	1	0	0	0	0	0	0	0	0	0	0	0	1	0	30	24	23	1	1	0	0	0	0	1	0	0	0	0	0	0	0	0	117	114	112	2	1	1	0	0	1	0	0	1	0	0	0	0	0	0	8	8	8	0	0	0	0	0	0	0	0	0	0	0	0	0	0	0
15	seq67@1	productive	Homsap IGHV3-74*01 F	320	296	289	7	4	3	0	0	1	3	0	1	0	0	1	0	1	0	78	75	74	1	1	0	0	0	0	0	0	0	0	0	1	0	0	0	36	24	22	2	1	1	0	0	0	2	0	0	0	0	0	0	0	0	51	51	50	1	1	0	0	0	0	0	0	0	0	0	0	0	1	0	30	24	22	2	1	1	0	0	1	1	0	0	0	0	0	0	0	0	117	114	113	1	0	1	0	0	0	0	0	1	0	0	0	0	0	0	8	8	8	0	0	0	0	0	0	0	0	0	0	0	0	0	0	0
16	seq69@1	productive	Homsap IGHV3-74*01 F	320	296	293	3	2	1	0	0	0	1	0	1	0	0	0	0	1	0	78	75	75	0	0	0	0	0	0	0	0	0	0	0	0	0	0	0	36	24	24	0	0	0	0	0	0	0	0	0	0	0	0	0	0	0	51	51	50	1	1	0	0	0	0	0	0	0	0	0	0	0	1	0	30	24	23	1	1	0	0	0	0	1	0	0	0	0	0	0	0	0	117	114	113	1	0	1	0	0	0	0	0	1	0	0	0	0	0	0	8	8	8	0	0	0	0	0	0	0	0	0	0	0	0	0	0	0
17	seq70@1	productive	Homsap IGHV3-74*01 F	320	296	289	7	5	2	1	1	0	3	0	1	0	0	0	0	1	0	78	75	75	0	0	0	0	0	0	0	0	0	0	0	0	0	0	0	36	24	22	2	2	0	1	0	0	1	0	0	0	0	0	0	0	0	51	51	50	1	1	0	0	0	0	0	0	0	0	0	0	0	1	0	30	24	23	1	1	0	0	0	0	1	0	0	0	0	0	0	0	0	117	114	111	3	1	2	0	1	0	1	0	1	0	0	0	0	0	0	8	8	8	0	0	0	0	0	0	0	0	0	0	0	0	0	0	0
18	seq74@1	productive	Homsap IGHV3-74*01 F	320	296	292	4	3	1	0	0	1	2	0	1	0	0	0	0	0	0	78	75	75	0	0	0	0	0	0	0	0	0	0	0	0	0	0	0	36	24	23	1	1	0	0	0	0	1	0	0	0	0	0	0	0	0	51	51	51	0	0	0	0	0	0	0	0	0	0	0	0	0	0	0	30	24	23	1	1	0	0	0	0	1	0	0	0	0	0	0	0	0	117	114	112	2	1	1	0	0	1	0	0	1	0	0	0	0	0	0	8	8	8	0	0	0	0	0	0	0	0	0	0	0	0	0	0	0
19	seq77@1	productive	Homsap IGHV3-74*01 F	320	296	292	4	2	2	1	0	0	2	0	1	0	0	0	0	0	0	78	75	74	1	0	1	1	0	0	0	0	0	0	0	0	0	0	0	36	24	23	1	1	0	0	0	0	1	0	0	0	0	0	0	0	0	51	51	51	0	0	0	0	0	0	0	0	0	0	0	0	0	0	0	30	24	23	1	1	0	0	0	0	1	0	0	0	0	0	0	0	0	117	114	113	1	0	1	0	0	0	0	0	1	0	0	0	0	0	0	8	8	8	0	0	0	0	0	0	0	0	0	0	0	0	0	0	0
20	seq78@1	productive	Homsap IGHV3-74*01 F	320	296	293	3	2	1	0	0	0	2	0	1	0	0	0	0	0	0	78	75	75	0	0	0	0	0	0	0	0	0	0	0	0	0	0	0	36	24	23	1	1	0	0	0	0	1	0	0	0	0	0	0	0	0	51	51	51	0	0	0	0	0	0	0	0	0	0	0	0	0	0	0	30	24	23	1	1	0	0	0	0	1	0	0	0	0	0	0	0	0	117	114	113	1	0	1	0	0	0	0	0	1	0	0	0	0	0	0	8	8	8	0	0	0	0	0	0	0	0	0	0	0	0	0	0	0
21	seq79@1	productive	Homsap IGHV3-74*01 F	320	296	295	1	1	0	0	0	0	1	0	0	0	0	0	0	0	0	78	75	75	0	0	0	0	0	0	0	0	0	0	0	0	0	0	0	36	24	24	0	0	0	0	0	0	0	0	0	0	0	0	0	0	0	51	51	51	0	0	0	0	0	0	0	0	0	0	0	0	0	0	0	30	24	23	1	1	0	0	0	0	1	0	0	0	0	0	0	0	0	117	114	114	0	0	0	0	0	0	0	0	0	0	0	0	0	0	0	8	8	8	0	0	0	0	0	0	0	0	0	0	0	0	0	0	0
22	seq81@1	productive	Homsap IGHV3-74*01 F	320	296	292	4	3	1	0	0	0	1	3	0	0	0	0	0	0	0	78	75	73	2	2	0	0	0	0	0	2	0	0	0	0	0	0	0	36	24	23	1	0	1	0	0	0	0	1	0	0	0	0	0	0	0	51	51	51	0	0	0	0	0	0	0	0	0	0	0	0	0	0	0	30	24	23	1	1	0	0	0	0	1	0	0	0	0	0	0	0	0	117	114	114	0	0	0	0	0	0	0	0	0	0	0	0	0	0	0	8	8	8	0	0	0	0	0	0	0	0	0	0	0	0	0	0	0
23	seq82@1	productive	Homsap IGHV3-74*01 F	320	296	293	3	2	1	0	0	0	1	1	0	0	0	0	0	1	0	78	75	74	1	1	0	0	0	0	0	1	0	0	0	0	0	0	0	36	24	24	0	0	0	0	0	0	0	0	0	0	0	0	0	0	0	51	51	50	1	0	1	0	0	0	0	0	0	0	0	0	0	1	0	30	24	23	1	1	0	0	0	0	1	0	0	0	0	0	0	0	0	117	114	114	0	0	0	0	0	0	0	0	0	0	0	0	0	0	0	8	8	8	0	0	0	0	0	0	0	0	0	0	0	0	0	0	0
24	seq83@1	productive	Homsap IGHV3-74*01 F	320	296	293	3	1	2	1	1	0	1	0	0	0	0	0	0	0	0	78	75	75	0	0	0	0	0	0	0	0	0	0	0	0	0	0	0	36	24	24	0	0	0	0	0	0	0	0	0	0	0	0	0	0	0	51	51	50	1	0	1	0	1	0	0	0	0	0	0	0	0	0	0	30	24	22	2	1	1	1	0	0	1	0	0	0	0	0	0	0	0	117	114	114	0	0	0	0	0	0	0	0	0	0	0	0	0	0	0	8	8	8	0	0	0	0	0	0	0	0	0	0	0	0	0	0	0
25	seq84@1	productive	Homsap IGHV3-74*01 F	320	296	292	4	2	2	0	1	1	1	0	0	1	0	0	0	0	0	78	75	74	1	0	1	0	0	0	0	0	0	1	0	0	0	0	0	36	24	24	0	0	0	0	0	0	0	0	0	0	0	0	0	0	0	51	51	50	1	0	1	0	1	0	0	0	0	0	0	0	0	0	0	30	24	23	1	1	0	0	0	0	1	0	0	0	0	0	0	0	0	117	114	113	1	1	0	0	0	1	0	0	0	0	0	0	0	0	0	8	8	8	0	0	0	0	0	0	0	0	0	0	0	0	0	0	0
26	seq86@1	productive	Homsap IGHV3-74*01 F	320	296	294	2	1	1	0	0	0	1	0	1	0	0	0	0	0	0	78	75	75	0	0	0	0	0	0	0	0	0	0	0	0	0	0	0	36	24	24	0	0	0	0	0	0	0	0	0	0	0	0	0	0	0	51	51	51	0	0	0	0	0	0	0	0	0	0	0	0	0	0	0	30	24	23	1	1	0	0	0	0	1	0	0	0	0	0	0	0	0	117	114	113	1	0	1	0	0	0	0	0	1	0	0	0	0	0	0	8	8	8	0	0	0	0	0	0	0	0	0	0	0	0	0	0	0
27	seq87@1	productive	Homsap IGHV3-74*01 F	320	296	293	3	1	2	2	0	0	1	0	0	0	0	0	0	0	0	78	75	75	0	0	0	0	0	0	0	0	0	0	0	0	0	0	0	36	24	24	0	0	0	0	0	0	0	0	0	0	0	0	0	0	0	51	51	51	0	0	0	0	0	0	0	0	0	0	0	0	0	0	0	30	24	23	1	1	0	0	0	0	1	0	0	0	0	0	0	0	0	117	114	112	2	0	2	2	0	0	0	0	0	0	0	0	0	0	0	8	8	8	0	0	0	0	0	0	0	0	0	0	0	0	0	0	0
28	seq88@1	productive	Homsap IGHV3-74*01 F	320	296	292	4	1	3	2	0	1	1	0	0	0	0	0	0	0	0	78	75	75	0	0	0	0	0	0	0	0	0	0	0	0	0	0	0	36	24	24	0	0	0	0	0	0	0	0	0	0	0	0	0	0	0	51	51	51	0	0	0	0	0	0	0	0	0	0	0	0	0	0	0	30	24	23	1	1	0	0	0	0	1	0	0	0	0	0	0	0	0	117	114	111	3	0	3	2	0	1	0	0	0	0	0	0	0	0	0	8	8	8	0	0	0	0	0	0	0	0	0	0	0	0	0	0	0
29	seq89@1	productive	Homsap IGHV3-74*01 F	320	296	292	4	1	3	1	0	0	1	0	0	0	1	0	0	0	1	78	75	75	0	0	0	0	0	0	0	0	0	0	0	0	0	0	0	36	24	24	0	0	0	0	0	0	0	0	0	0	0	0	0	0	0	51	51	50	1	0	1	0	0	0	0	0	0	0	0	0	0	0	1	30	24	23	1	1	0	0	0	0	1	0	0	0	0	0	0	0	0	117	114	112	2	0	2	1	0	0	0	0	0	0	1	0	0	0	0	8	8	8	0	0	0	0	0	0	0	0	0	0	0	0	0	0	0
30	seq91@1	productive	Homsap IGHV3-74*01 F	320	296	290	6	2	4	1	0	1	1	1	1	0	0	0	0	1	0	78	75	75	0	0	0	0	0	0	0	0	0	0	0	0	0	0	0	36	24	24	0	0	0	0	0	0	0	0	0	0	0	0	0	0	0	51	51	50	1	0	1	0	0	0	0	0	1	0	0	0	0	0	0	30	24	22	2	1	1	0	0	0	1	1	0	0	0	0	0	0	0	117	114	111	3	1	2	1	0	1	0	0	0	0	0	0	0	1	0	8	8	8	0	0	0	0	0	0	0	0	0	0	0	0	0	0	0
31	seq92@1	productive	Homsap IGHV3-74*01 F	320	296	291	5	1	4	2	0	0	1	1	0	0	0	0	0	1	0	78	75	75	0	0	0	0	0	0	0	0	0	0	0	0	0	0	0	36	24	24	0	0	0	0	0	0	0	0	0	0	0	0	0	0	0	51	51	50	1	0	1	1	0	0	0	0	0	0	0	0	0	0	0	30	24	22	2	1	1	0	0	0	1	1	0	0	0	0	0	0	0	117	114	112	2	0	2	1	0	0	0	0	0	0	0	0	0	1	0	8	8	8	0	0	0	0	0	0	0	0	0	0	0	0	0	0	0
32	seq94@1	productive	Homsap IGHV3-74*01 F	320	296	291	5	1	4	1	1	0	1	1	0	0	0	0	0	1	0	78	75	75	0	0	0	0	0	0	0	0	0	0	0	0	0	0	0	36	24	24	0	0	0	0	0	0	0	0	0	0	0	0	0	0	0	51	51	50	1	0	1	0	1	0	0	0	0	0	0	0	0	0	0	30	24	22	2	1	1	0	0	0	1	1	0	0	0	0	0	0	0	117	114	112	2	0	2	1	0	0	0	0	0	0	0	0	0	1	0	8	8	8	0	0	0	0	0	0	0	0	0	0	0	0	0	0	0
33	seq96@1	productive	Homsap IGHV3-74*01 F	320	296	294	2	0	2	0	0	0	1	0	0	0	0	0	0	0	1	78	75	75	0	0	0	0	0	0	0	0	0	0	0	0	0	0	0	36	24	24	0	0	0	0	0	0	0	0	0	0	0	0	0	0	0	51	51	50	1	0	1	0	0	0	0	0	0	0	0	0	0	0	1	30	24	24	0	0	0	0	0	0	0	0	0	0	0	0	0	0	0	117	114	113	1	0	1	0	0	0	1	0	0	0	0	0	0	0	0	8	8	8	0	0	0	0	0	0	0	0	0	0	0	0	0	0	0
34	seq97@1	productive	Homsap IGHV3-74*01 F	320	296	295	1	1	0	0	1	0	0	0	0	0	0	0	0	0	0	78	75	75	0	0	0	0	0	0	0	0	0	0	0	0	0	0	0	36	24	24	0	0	0	0	0	0	0	0	0	0	0	0	0	0	0	51	51	50	1	1	0	0	1	0	0	0	0	0	0	0	0	0	0	30	24	24	0	0	0	0	0	0	0	0	0	0	0	0	0	0	0	117	114	114	0	0	0	0	0	0	0	0	0	0	0	0	0	0	0	8	8	8	0	0	0	0	0	0	0	0	0	0	0	0	0	0	0
35	seq99@1	productive	Homsap IGHV3-74*01 F	320	296	293	3	1	2	1	1	0	0	0	0	0	0	0	1	0	0	78	75	75	0	0	0	0	0	0	0	0	0	0	0	0	0	0	0	36	24	24	0	0	0	0	0	0	0	0	0	0	0	0	0	0	0	51	51	50	1	0	1	1	0	0	0	0	0	0	0	0	0	0	0	30	24	24	0	0	0	0	0	0	0	0	0	0	0	0	0	0	0	117	114	112	2	1	1	0	1	0	0	0	0	0	0	0	1	0	0	8	8	8	0	0	0	0	0	0	0	0	0	0	0	0	0	0	0
36	seq100@1	productive	Homsap IGHV3-74*01 F	320	296	292	4	3	1	1	1	1	0	0	0	0	0	0	1	0	0	78	75	75	0	0	0	0	0	0	0	0	0	0	0	0	0	0	0	36	24	23	1	1	0	0	0	1	0	0	0	0	0	0	0	0	0	51	51	49	2	1	1	1	1	0	0	0	0	0	0	0	0	0	0	30	24	24	0	0	0	0	0	0	0	0	0	0	0	0	0	0	0	117	114	113	1	1	0	0	0	0	0	0	0	0	0	0	1	0	0	8	8	8	0	0	0	0	0	0	0	0	0	0	0	0	0	0	0
37	seq101@1	productive	Homsap IGHV3-74*01 F	320	296	294	2	0	2	2	0	0	0	0	0	0	0	0	0	0	0	78	75	75	0	0	0	0	0	0	0	0	0	0	0	0	0	0	0	36	24	24	0	0	0	0	0	0	0	0	0	0	0	0	0	0	0	51	51	50	1	0	1	1	0	0	0	0	0	0	0	0	0	0	0	30	24	23	1	0	1	1	0	0	0	0	0	0	0	0	0	0	0	117	114	114	0	0	0	0	0	0	0	0	0	0	0	0	0	0	0	8	8	8	0	0	0	0	0	0	0	0	0	0	0	0	0	0	0
38	seq105@1	productive	Homsap IGHV3-74*01 F	320	296	296	0	0	0	0	0	0	0	0	0	0	0	0	0	0	0	78	75	75	0	0	0	0	0	0	0	0	0	0	0	0	0	0	0	36	24	24	0	0	0	0	0	0	0	0	0	0	0	0	0	0	0	51	51	51	0	0	0	0	0	0	0	0	0	0	0	0	0	0	0	30	24	24	0	0	0	0	0	0	0	0	0	0	0	0	0	0	0	117	114	114	0	0	0	0	0	0	0	0	0	0	0	0	0	0	0	8	8	8	0	0	0	0	0	0	0	0	0	0	0	0	0	0	0
39	seq106@1	productive	Homsap IGHV3-74*01 F	320	296	295	1	0	1	0	0	0	0	0	0	0	0	0	0	1	0	78	75	74	1	0	1	0	0	0	0	0	0	0	0	0	0	1	0	36	24	24	0	0	0	0	0	0	0	0	0	0	0	0	0	0	0	51	51	51	0	0	0	0	0	0	0	0	0	0	0	0	0	0	0	30	24	24	0	0	0	0	0	0	0	0	0	0	0	0	0	0	0	117	114	114	0	0	0	0	0	0	0	0	0	0	0	0	0	0	0	8	8	8	0	0	0	0	0	0	0	0	0	0	0	0	0	0	0
40	seq108@1	productive	Homsap IGHV3-74*01 F	320	296	294	2	0	2	0	0	0	1	0	0	1	0	0	0	0	0	78	75	75	0	0	0	0	0	0	0	0	0	0	0	0	0	0	0	36	24	24	0	0	0	0	0	0	0	0	0	0	0	0	0	0	0	51	51	51	0	0	0	0	0	0	0	0	0	0	0	0	0	0	0	30	24	24	0	0	0	0	0	0	0	0	0	0	0	0	0	0	0	117	114	112	2	0	2	0	0	0	1	0	0	1	0	0	0	0	0	8	8	8	0	0	0	0	0	0	0	0	0	0	0	0	0	0	0
41	seq109@1	productive	Homsap IGHV3-74*01 F	320	296	295	1	0	1	0	1	0	0	0	0	0	0	0	0	0	0	78	75	75	0	0	0	0	0	0	0	0	0	0	0	0	0	0	0	36	24	24	0	0	0	0	0	0	0	0	0	0	0	0	0	0	0	51	51	51	0	0	0	0	0	0	0	0	0	0	0	0	0	0	0	30	24	24	0	0	0	0	0	0	0	0	0	0	0	0	0	0	0	117	114	113	1	0	1	0	1	0	0	0	0	0	0	0	0	0	0	8	8	8	0	0	0	0	0	0	0	0	0	0	0	0	0	0	0
42	seq112@1	productive	Homsap IGHV3-74*01 F	320	296	296	0	0	0	0	0	0	0	0	0	0	0	0	0	0	0	78	75	75	0	0	0	0	0	0	0	0	0	0	0	0	0	0	0	36	24	24	0	0	0	0	0	0	0	0	0	0	0	0	0	0	0	51	51	51	0	0	0	0	0	0	0	0	0	0	0	0	0	0	0	30	24	24	0	0	0	0	0	0	0	0	0	0	0	0	0	0	0	117	114	114	0	0	0	0	0	0	0	0	0	0	0	0	0	0	0	8	8	8	0	0	0	0	0	0	0	0	0	0	0	0	0	0	0
43	seq114@1	productive	Homsap IGHV3-74*01 F	320	296	294	2	0	2	1	0	0	1	0	0	0	0	0	0	0	0	78	75	74	1	0	1	0	0	0	1	0	0	0	0	0	0	0	0	36	24	23	1	0	1	1	0	0	0	0	0	0	0	0	0	0	0	51	51	51	0	0	0	0	0	0	0	0	0	0	0	0	0	0	0	30	24	24	0	0	0	0	0	0	0	0	0	0	0	0	0	0	0	117	114	114	0	0	0	0	0	0	0	0	0	0	0	0	0	0	0	8	8	8	0	0	0	0	0	0	0	0	0	0	0	0	0	0	0
44	seq116@1	productive	Homsap IGHV3-74*01 F	320	296	295	1	1	0	0	0	1	0	0	0	0	0	0	0	0	0	78	75	75	0	0	0	0	0	0	0	0	0	0	0	0	0	0	0	36	24	24	0	0	0	0	0	0	0	0	0	0	0	0	0	0	0	51	51	51	0	0	0	0	0	0	0	0	0	0	0	0	0	0	0	30	24	24	0	0	0	0	0	0	0	0	0	0	0	0	0	0	0	117	114	113	1	1	0	0	0	1	0	0	0	0	0	0	0	0	0	8	8	8	0	0	0	0	0	0	0	0	0	0	0	0	0	0	0
45	seq117@1	productive	Homsap IGHV3-74*01 F	320	296	293	3	0	3	1	0	0	1	0	1	0	0	0	0	0	0	78	75	73	2	0	2	0	0	0	1	0	1	0	0	0	0	0	0	36	24	24	0	0	0	0	0	0	0	0	0	0	0	0	0	0	0	51	51	50	1	0	1	1	0	0	0	0	0	0	0	0	0	0	0	30	24	24	0	0	0	0	0	0	0	0	0	0	0	0	0	0	0	117	114	114	0	0	0	0	0	0	0	0	0	0	0	0	0	0	0	8	8	8	0	0	0	0	0	0	0	0	0	0	0	0	0	0	0
46	seq121@1	productive	Homsap IGHV3-74*01 F	320	296	294	2	1	1	0	0	0	1	0	0	0	0	0	0	0	1	78	75	74	1	1	0	0	0	0	0	0	0	0	0	0	0	0	1	36	24	24	0	0	0	0	0	0	0	0	0	0	0	0	0	0	0	51	51	50	1	0	1	0	0	0	1	0	0	0	0	0	0	0	0	30	24	24	0	0	0	0	0	0	0	0	0	0	0	0	0	0	0	117	114	114	0	0	0	0	0	0	0	0	0	0	0	0	0	0	0	8	8	8	0	0	0	0	0	0	0	0	0	0	0	0	0	0	0
47	seq122@1	productive	Homsap IGHV3-74*01 F	320	296	294	2	1	1	0	0	0	1	0	0	0	0	0	0	0	1	78	75	73	2	1	1	0	0	0	1	0	0	0	0	0	0	0	1	36	24	24	0	0	0	0	0	0	0	0	0	0	0	0	0	0	0	51	51	51	0	0	0	0	0	0	0	0	0	0	0	0	0	0	0	30	24	24	0	0	0	0	0	0	0	0	0	0	0	0	0	0	0	117	114	114	0	0	0	0	0	0	0	0	0	0	0	0	0	0	0	8	8	8	0	0	0	0	0	0	0	0	0	0	0	0	0	0	0
