Sequence number	Sequence ID	V-DOMAIN Functionality	V-GENE and allele	V-REGION Nb of positions including IMGT gaps (AA)	V-REGION Nb of AA	V-REGION Nb of identical AA	V-REGION Nb of AA changes	V-REGION +++	V-REGION ++-	V-REGION +-+	V-REGION +--	V-REGION -+-	V-REGION --+	V-REGION ---	V-REGION Very similar	V-REGION Similar	V-REGION Dissimilar	V-REGION Very dissimilar	FR1-IMGT Nb of positions including IMGT gaps (AA)	FR1-IMGT Nb of AA	FR1-IMGT Nb of identical AA	FR1-IMGT Nb of AA changes	FR1-IMGT +++	FR1-IMGT ++-	FR1-IMGT +-+	FR1-IMGT +--	FR1-IMGT -+-	FR1-IMGT --+	FR1-IMGT ---	FR1-IMGT Very similar	FR1-IMGT Similar	FR1-IMGT Dissimilar	FR1-IMGT Very dissimilar	CDR1-IMGT Nb of positions including IMGT gaps (AA)	CDR1-IMGT Nb of AA	CDR1-IMGT Nb of identical AA	CDR1-IMGT Nb of AA changes	CDR1-IMGT +++	CDR1-IMGT ++-	CDR1-IMGT +-+	CDR1-IMGT +--	CDR1-IMGT -+-	CDR1-IMGT --+	CDR1-IMGT ---	CDR1-IMGT Very similar	CDR1-IMGT Similar	CDR1-IMGT Dissimilar	CDR1-IMGT Very dissimilar	FR2-IMGT Nb of positions including IMGT gaps (AA)	FR2-IMGT Nb of AA	FR2-IMGT Nb of identical AA	FR2-IMGT Nb of AA changes	FR2-IMGT +++	FR2-IMGT ++-	FR2-IMGT +-+	FR2-IMGT +--	FR2-IMGT -+-	FR2-IMGT --+	FR2-IMGT ---	FR2-IMGT Very similar	FR2-IMGT Similar	FR2-IMGT Dissimilar	FR2-IMGT Very dissimilar	CDR2-IMGT Nb of positions including IMGT gaps (AA)	CDR2-IMGT Nb of AA	CDR2-IMGT Nb of identical AA	CDR2-IMGT Nb of AA changes	CDR2-IMGT +++	CDR2-IMGT ++-	CDR2-IMGT +-+	CDR2-IMGT +--	CDR2-IMGT -+-	CDR2-IMGT --+	CDR2-IMGT ---	CDR2-IMGT Very similar	CDR2-IMGT Similar	CDR2-IMGT Dissimilar	CDR2-IMGT Very dissimilar	FR3-IMGT Nb of positions including IMGT gaps (AA)	FR3-IMGT Nb of AA	FR3-IMGT Nb of identical AA	FR3-IMGT Nb of AA changes	FR3-IMGT +++	FR3-IMGT ++-	FR3-IMGT +-+	FR3-IMGT +--	FR3-IMGT -+-	FR3-IMGT --+	FR3-IMGT ---	FR3-IMGT Very similar	FR3-IMGT Similar	FR3-IMGT Dissimilar	FR3-IMGT Very dissimilar	CDR3-IMGT Nb of positions including IMGT gaps (AA)	CDR3-IMGT Nb of AA	CDR3-IMGT Nb of identical AA	CDR3-IMGT Nb of AA changes	CDR3-IMGT +++	CDR3-IMGT ++-	CDR3-IMGT +-+	CDR3-IMGT +--	CDR3-IMGT -+-	CDR3-IMGT --+	CDR3-IMGT ---	CDR3-IMGT Very similar	CDR3-IMGT Similar	CDR3-IMGT Dissimilar	CDR3-IMGT Very dissimilar
1	naive@8	productive	Homsap IGHV3-74*01 F	106	98	98	0	0	0	0	0	0	0	0	0	0	0	0	26	25	25	0	0	0	0	0	0	0	0	0	0	0	0	12	8	8	0	0	0	0	0	0	0	0	0	0	0	0	17	17	17	0	0	0	0	0	0	0	0	0	0	0	0	10	8	8	0	0	0	0	0	0	0	0	0	0	0	0	39	38	38	0	0	0	0	0	0	0	0	0	0	0	0	2	2	2	0	0	0	0	0	0	0	0	0	0	0	0
2	seq1@2	productive	Homsap IGHV3-74*01 F	106	98	98	0	0	0	0	0	0	0	0	0	0	0	0	26	25	25	0	0	0	0	0	0	0	0	0	0	0	0	12	8	8	0	0	0	0	0	0	0	0	0	0	0	0	17	17	17	0	0	0	0	0	0	0	0	0	0	0	0	10	8	8	0	0	0	0	0	0	0	0	0	0	0	0	39	38	38	0	0	0	0	0	0	0	0	0	0	0	0	2	2	2	0	0	0	0	0	0	0	0	0	0	0	0
3	seq3@5	productive	Homsap IGHV3-74*01 F	106	98	97	1	0	1	0	0	0	0	0	0	1	0	0	26	25	25	0	0	0	0	0	0	0	0	0	0	0	0	12	8	8	0	0	0	0	0	0	0	0	0	0	0	0	17	17	17	0	0	0	0	0	0	0	0	0	0	0	0	10	8	8	0	0	0	0	0	0	0	0	0	0	0	0	39	38	37	1	0	1	0	0	0	0	0	0	1	0	0	2	2	2	0	0	0	0	0	0	0	0	0	0	0	0
4	seq7@2	productive	Homsap IGHV3-74*01 F	106	98	97	1	0	1	0	0	0	0	0	0	1	0	0	26	25	25	0	0	0	0	0	0	0	0	0	0	0	0	12	8	8	0	0	0	0	0	0	0	0	0	0	0	0	17	17	17	0	0	0	0	0	0	0	0	0	0	0	0	10	8	8	0	0	0	0	0	0	0	0	0	0	0	0	39	38	37	1	0	1	0	0	0	0	0	0	1	0	0	2	2	2	0	0	0	0	0	0	0	0	0	0	0	0
5	seq22@1	productive	Homsap IGHV3-74*01 F	106	98	95	3	0	0	0	1	0	0	2	0	0	1	2	26	25	25	0	0	0	0	0	0	0	0	0	0	0	0	12	8	8	0	0	0	0	0	0	0	0	0	0	0	0	17	17	17	0	0	0	0	0	0	0	0	0	0	0	0	10	8	7	1	0	0	0	0	0	0	1	0	0	0	1	39	38	36	2	0	0	0	1	0	0	1	0	0	1	1	2	2	2	0	0	0	0	0	0	0	0	0	0	0	0
6	seq24@1	productive	Homsap IGHV3-74*01 F	106	98	97	1	0	0	0	0	0	1	0	0	0	1	0	26	25	25	0	0	0	0	0	0	0	0	0	0	0	0	12	8	8	0	0	0	0	0	0	0	0	0	0	0	0	17	17	16	1	0	0	0	0	0	1	0	0	0	1	0	10	8	8	0	0	0	0	0	0	0	0	0	0	0	0	39	38	38	0	0	0	0	0	0	0	0	0	0	0	0	2	2	2	0	0	0	0	0	0	0	0	0	0	0	0
7	seq29@3	productive	Homsap IGHV3-74*01 F	106	98	96	2	0	0	0	2	0	0	0	0	0	2	0	26	25	24	1	0	0	0	1	0	0	0	0	0	1	0	12	8	8	0	0	0	0	0	0	0	0	0	0	0	0	17	17	16	1	0	0	0	1	0	0	0	0	0	1	0	10	8	8	0	0	0	0	0	0	0	0	0	0	0	0	39	38	38	0	0	0	0	0	0	0	0	0	0	0	0	2	2	2	0	0	0	0	0	0	0	0	0	0	0	0
8	seq33@1	productive	Homsap IGHV3-74*01 F	106	98	97	1	0	1	0	0	0	0	0	0	1	0	0	26	25	25	0	0	0	0	0	0	0	0	0	0	0	0	12	8	8	0	0	0	0	0	0	0	0	0	0	0	0	17	17	17	0	0	0	0	0	0	0	0	0	0	0	0	10	8	8	0	0	0	0	0	0	0	0	0	0	0	0	39	38	37	1	0	1	0	0	0	0	0	0	1	0	0	2	2	2	0	0	0	0	0	0	0	0	0	0	0	0
9	seq44@1	productive	Homsap IGHV3-74*01 F	106	98	96	2	0	0	0	1	0	0	1	0	0	1	1	26	25	25	0	0	0	0	0	0	0	0	0	0	0	0	12	8	8	0	0	0	0	0	0	0	0	0	0	0	0	17	17	16	1	0	0	0	0	0	0	1	0	0	0	1	10	8	8	0	0	0	0	0	0	0	0	0	0	0	0	39	38	37	1	0	0	0	1	0	0	0	0	0	1	0	2	2	2	0	0	0	0	0	0	0	0	0	0	0	0
10	seq47@1	productive	Homsap IGHV3-74*01 F	106	98	97	1	0	0	1	0	0	0	0	0	1	0	0	26	25	25	0	0	0	0	0	0	0	0	0	0	0	0	12	8	8	0	0	0	0	0	0	0	0	0	0	0	0	17	17	17	0	0	0	0	0	0	0	0	0	0	0	0	10	8	8	0	0	0	0	0	0	0	0	0	0	0	0	39	38	37	1	0	0	1	0	0	0	0	0	1	0	0	2	2	2	0	0	0	0	0	0	0	0	0	0	0	0
11	seq54@1	productive	Homsap IGHV3-74*01 F	106	98	97	1	0	0	0	0	0	0	1	0	0	0	1	26	25	25	0	0	0	0	0	0	0	0	0	0	0	0	12	8	8	0	0	0	0	0	0	0	0	0	0	0	0	17	17	17	0	0	0	0	0	0	0	0	0	0	0	0	10	8	8	0	0	0	0	0	0	0	0	0	0	0	0	39	38	37	1	0	0	0	0	0	0	1	0	0	0	1	2	2	2	0	0	0	0	0	0	0	0	0	0	0	0
12	seq57@1	productive	Homsap IGHV3-74*01 F	106	98	97	1	0	0	0	0	0	0	1	0	0	0	1	26	25	25	0	0	0	0	0	0	0	0	0	0	0	0	12	8	7	1	0	0	0	0	0	0	1	0	0	0	1	17	17	17	0	0	0	0	0	0	0	0	0	0	0	0	10	8	8	0	0	0	0	0	0	0	0	0	0	0	0	39	38	38	0	0	0	0	0	0	0	0	0	0	0	0	2	2	2	0	0	0	0	0	0	0	0	0	0	0	0
13	seq63@1	productive	Homsap IGHV3-74*01 F	106	98	96	2	0	1	0	0	0	0	1	0	1	0	1	26	25	24	1	0	0	0	0	0	0	1	0	0	0	1	12	8	8	0	0	0	0	0	0	0	0	0	0	0	0	17	17	17	0	0	0	0	0	0	0	0	0	0	0	0	10	8	8	0	0	0	0	0	0	0	0	0	0	0	0	39	38	37	1	0	1	0	0	0	0	0	0	1	0	0	2	2	2	0	0	0	0	0	0	0	0	0	0	0	0
14	seq65@1	productive	Homsap IGHV3-74*01 F	106	98	97	1	0	1	0	0	0	0	0	0	1	0	0	26	25	25	0	0	0	0	0	0	0	0	0	0	0	0	12	8	8	0	0	0	0	0	0	0	0	0	0	0	0	17	17	17	0	0	0	0	0	0	0	0	0	0	0	0	10	8	8	0	0	0	0	0	0	0	0	0	0	0	0	39	38	37	1	0	1	0	0	0	0	0	0	1	0	0	2	2	2	0	0	0	0	0	0	0	0	0	0	0	0
15	seq67@1	productive	Homsap IGHV3-74*01 F	106	98	95	3	0	1	0	0	0	0	2	0	1	0	2	26	25	25	0	0	0	0	0	0	0	0	0	0	0	0	12	8	7	1	0	0	0	0	0	0	1	0	0	0	1	17	17	17	0	0	0	0	0	0	0	0	0	0	0	0	10	8	7	1	0	0	0	0	0	0	1	0	0	0	1	39	38	37	1	0	1	0	0	0	0	0	0	1	0	0	2	2	2	0	0	0	0	0	0	0	0	0	0	0	0
16	seq69@1	productive	Homsap IGHV3-74*01 F	106	98	97	1	0	1	0	0	0	0	0	0	1	0	0	26	25	25	0	0	0	0	0	0	0	0	0	0	0	0	12	8	8	0	0	0	0	0	0	0	0	0	0	0	0	17	17	17	0	0	0	0	0	0	0	0	0	0	0	0	10	8	8	0	0	0	0	0	0	0	0	0	0	0	0	39	38	37	1	0	1	0	0	0	0	0	0	1	0	0	2	2	2	0	0	0	0	0	0	0	0	0	0	0	0
17	seq70@1	productive	Homsap IGHV3-74*01 F	106	98	96	2	0	1	1	0	0	0	0	0	2	0	0	26	25	25	0	0	0	0	0	0	0	0	0	0	0	0	12	8	8	0	0	0	0	0	0	0	0	0	0	0	0	17	17	17	0	0	0	0	0	0	0	0	0	0	0	0	10	8	8	0	0	0	0	0	0	0	0	0	0	0	0	39	38	36	2	0	1	1	0	0	0	0	0	2	0	0	2	2	2	0	0	0	0	0	0	0	0	0	0	0	0
18	seq74@1	productive	Homsap IGHV3-74*01 F	106	98	97	1	0	1	0	0	0	0	0	0	1	0	0	26	25	25	0	0	0	0	0	0	0	0	0	0	0	0	12	8	8	0	0	0	0	0	0	0	0	0	0	0	0	17	17	17	0	0	0	0	0	0	0	0	0	0	0	0	10	8	8	0	0	0	0	0	0	0	0	0	0	0	0	39	38	37	1	0	1	0	0	0	0	0	0	1	0	0	2	2	2	0	0	0	0	0	0	0	0	0	0	0	0
19	seq77@1	productive	Homsap IGHV3-74*01 F	106	98	96	2	0	1	0	1	0	0	0	0	1	1	0	26	25	24	1	0	0	0	1	0	0	0	0	0	1	0	12	8	8	0	0	0	0	0	0	0	0	0	0	0	0	17	17	17	0	0	0	0	0	0	0	0	0	0	0	0	10	8	8	0	0	0	0	0	0	0	0	0	0	0	0	39	38	37	1	0	1	0	0	0	0	0	0	1	0	0	2	2	2	0	0	0	0	0	0	0	0	0	0	0	0
20	seq78@1	productive	Homsap IGHV3-74*01 F	106	98	97	1	0	1	0	0	0	0	0	0	1	0	0	26	25	25	0	0	0	0	0	0	0	0	0	0	0	0	12	8	8	0	0	0	0	0	0	0	0	0	0	0	0	17	17	17	0	0	0	0	0	0	0	0	0	0	0	0	10	8	8	0	0	0	0	0	0	0	0	0	0	0	0	39	38	37	1	0	1	0	0	0	0	0	0	1	0	0	2	2	2	0	0	0	0	0	0	0	0	0	0	0	0
21	seq79@1	productive	Homsap IGHV3-74*01 F	106	98	98	0	0	0	0	0	0	0	0	0	0	0	0	26	25	25	0	0	0	0	0	0	0	0	0	0	0	0	12	8	8	0	0	0	0	0	0	0	0	0	0	0	0	17	17	17	0	0	0	0	0	0	0	0	0	0	0	0	10	8	8	0	0	0	0	0	0	0	0	0	0	0	0	39	38	38	0	0	0	0	0	0	0	0	0	0	0	0	2	2	2	0	0	0	0	0	0	0	0	0	0	0	0
22	seq81@1	productive	Homsap IGHV3-74*01 F	106	98	97	1	0	1	0	0	0	0	0	0	1	0	0	26	25	25	0	0	0	0	0	0	0	0	0	0	0	0	12	8	7	1	0	1	0	0	0	0	0	0	1	0	0	17	17	17	0	0	0	0	0	0	0	0	0	0	0	0	10	8	8	0	0	0	0	0	0	0	0	0	0	0	0	39	38	38	0	0	0	0	0	0	0	0	0	0	0	0	2	2	2	0	0	0	0	0	0	0	0	0	0	0	0
23	seq82@1	productive	Homsap IGHV3-74*01 F	106	98	97	1	0	0	0	0	0	0	1	0	0	0	1	26	25	25	0	0	0	0	0	0	0	0	0	0	0	0	12	8	8	0	0	0	0	0	0	0	0	0	0	0	0	17	17	16	1	0	0	0	0	0	0	1	0	0	0	1	10	8	8	0	0	0	0	0	0	0	0	0	0	0	0	39	38	38	0	0	0	0	0	0	0	0	0	0	0	0	2	2	2	0	0	0	0	0	0	0	0	0	0	0	0
24	seq83@1	productive	Homsap IGHV3-74*01 F	106	98	96	2	0	1	0	0	0	0	1	0	1	0	1	26	25	25	0	0	0	0	0	0	0	0	0	0	0	0	12	8	8	0	0	0	0	0	0	0	0	0	0	0	0	17	17	16	1	0	0	0	0	0	0	1	0	0	0	1	10	8	7	1	0	1	0	0	0	0	0	0	1	0	0	39	38	38	0	0	0	0	0	0	0	0	0	0	0	0	2	2	2	0	0	0	0	0	0	0	0	0	0	0	0
25	seq84@1	productive	Homsap IGHV3-74*01 F	106	98	96	2	0	0	0	0	0	0	2	0	0	0	2	26	25	24	1	0	0	0	0	0	0	1	0	0	0	1	12	8	8	0	0	0	0	0	0	0	0	0	0	0	0	17	17	16	1	0	0	0	0	0	0	1	0	0	0	1	10	8	8	0	0	0	0	0	0	0	0	0	0	0	0	39	38	38	0	0	0	0	0	0	0	0	0	0	0	0	2	2	2	0	0	0	0	0	0	0	0	0	0	0	0
26	seq86@1	productive	Homsap IGHV3-74*01 F	106	98	97	1	0	0	1	0	0	0	0	0	1	0	0	26	25	25	0	0	0	0	0	0	0	0	0	0	0	0	12	8	8	0	0	0	0	0	0	0	0	0	0	0	0	17	17	17	0	0	0	0	0	0	0	0	0	0	0	0	10	8	8	0	0	0	0	0	0	0	0	0	0	0	0	39	38	37	1	0	0	1	0	0	0	0	0	1	0	0	2	2	2	0	0	0	0	0	0	0	0	0	0	0	0
27	seq87@1	productive	Homsap IGHV3-74*01 F	106	98	96	2	0	0	0	1	0	0	1	0	0	1	1	26	25	25	0	0	0	0	0	0	0	0	0	0	0	0	12	8	8	0	0	0	0	0	0	0	0	0	0	0	0	17	17	17	0	0	0	0	0	0	0	0	0	0	0	0	10	8	8	0	0	0	0	0	0	0	0	0	0	0	0	39	38	36	2	0	0	0	1	0	0	1	0	0	1	1	2	2	2	0	0	0	0	0	0	0	0	0	0	0	0
28	seq88@1	productive	Homsap IGHV3-74*01 F	106	98	95	3	0	0	1	1	0	0	1	0	1	1	1	26	25	25	0	0	0	0	0	0	0	0	0	0	0	0	12	8	8	0	0	0	0	0	0	0	0	0	0	0	0	17	17	17	0	0	0	0	0	0	0	0	0	0	0	0	10	8	8	0	0	0	0	0	0	0	0	0	0	0	0	39	38	35	3	0	0	1	1	0	0	1	0	1	1	1	2	2	2	0	0	0	0	0	0	0	0	0	0	0	0
29	seq89@1	productive	Homsap IGHV3-74*01 F	106	98	95	3	0	0	0	1	0	0	2	0	0	1	2	26	25	25	0	0	0	0	0	0	0	0	0	0	0	0	12	8	8	0	0	0	0	0	0	0	0	0	0	0	0	17	17	16	1	0	0	0	0	0	0	1	0	0	0	1	10	8	8	0	0	0	0	0	0	0	0	0	0	0	0	39	38	36	2	0	0	0	1	0	0	1	0	0	1	1	2	2	2	0	0	0	0	0	0	0	0	0	0	0	0
30	seq91@1	productive	Homsap IGHV3-74*01 F	106	98	94	4	0	0	0	1	0	0	3	0	0	1	3	26	25	25	0	0	0	0	0	0	0	0	0	0	0	0	12	8	8	0	0	0	0	0	0	0	0	0	0	0	0	17	17	16	1	0	0	0	0	0	0	1	0	0	0	1	10	8	7	1	0	0	0	0	0	0	1	0	0	0	1	39	38	36	2	0	0	0	1	0	0	1	0	0	1	1	2	2	2	0	0	0	0	0	0	0	0	0	0	0	0
31	seq92@1	productive	Homsap IGHV3-74*01 F	106	98	94	4	0	0	0	2	0	0	2	0	0	2	2	26	25	25	0	0	0	0	0	0	0	0	0	0	0	0	12	8	8	0	0	0	0	0	0	0	0	0	0	0	0	17	17	16	1	0	0	0	1	0	0	0	0	0	1	0	10	8	7	1	0	0	0	0	0	0	1	0	0	0	1	39	38	36	2	0	0	0	1	0	0	1	0	0	1	1	2	2	2	0	0	0	0	0	0	0	0	0	0	0	0
32	seq94@1	productive	Homsap IGHV3-74*01 F	106	98	94	4	0	1	0	1	0	0	2	0	1	1	2	26	25	25	0	0	0	0	0	0	0	0	0	0	0	0	12	8	8	0	0	0	0	0	0	0	0	0	0	0	0	17	17	16	1	0	1	0	0	0	0	0	0	1	0	0	10	8	7	1	0	0	0	0	0	0	1	0	0	0	1	39	38	36	2	0	0	0	1	0	0	1	0	0	1	1	2	2	2	0	0	0	0	0	0	0	0	0	0	0	0
33	seq96@1	productive	Homsap IGHV3-74*01 F	106	98	96	2	0	0	1	0	1	0	0	0	1	1	0	26	25	25	0	0	0	0	0	0	0	0	0	0	0	0	12	8	8	0	0	0	0	0	0	0	0	0	0	0	0	17	17	16	1	0	0	0	0	1	0	0	0	0	1	0	10	8	8	0	0	0	0	0	0	0	0	0	0	0	0	39	38	37	1	0	0	1	0	0	0	0	0	1	0	0	2	2	2	0	0	0	0	0	0	0	0	0	0	0	0
34	seq97@1	productive	Homsap IGHV3-74*01 F	106	98	98	0	0	0	0	0	0	0	0	0	0	0	0	26	25	25	0	0	0	0	0	0	0	0	0	0	0	0	12	8	8	0	0	0	0	0	0	0	0	0	0	0	0	17	17	17	0	0	0	0	0	0	0	0	0	0	0	0	10	8	8	0	0	0	0	0	0	0	0	0	0	0	0	39	38	38	0	0	0	0	0	0	0	0	0	0	0	0	2	2	2	0	0	0	0	0	0	0	0	0	0	0	0
35	seq99@1	productive	Homsap IGHV3-74*01 F	106	98	96	2	0	1	0	0	0	1	0	0	1	1	0	26	25	25	0	0	0	0	0	0	0	0	0	0	0	0	12	8	8	0	0	0	0	0	0	0	0	0	0	0	0	17	17	16	1	0	0	0	0	0	1	0	0	0	1	0	10	8	8	0	0	0	0	0	0	0	0	0	0	0	0	39	38	37	1	0	1	0	0	0	0	0	0	1	0	0	2	2	2	0	0	0	0	0	0	0	0	0	0	0	0
36	seq100@1	productive	Homsap IGHV3-74*01 F	106	98	97	1	0	0	0	0	0	1	0	0	0	1	0	26	25	25	0	0	0	0	0	0	0	0	0	0	0	0	12	8	8	0	0	0	0	0	0	0	0	0	0	0	0	17	17	16	1	0	0	0	0	0	1	0	0	0	1	0	10	8	8	0	0	0	0	0	0	0	0	0	0	0	0	39	38	38	0	0	0	0	0	0	0	0	0	0	0	0	2	2	2	0	0	0	0	0	0	0	0	0	0	0	0
37	seq101@1	productive	Homsap IGHV3-74*01 F	106	98	96	2	0	1	0	0	0	1	0	0	1	1	0	26	25	25	0	0	0	0	0	0	0	0	0	0	0	0	12	8	8	0	0	0	0	0	0	0	0	0	0	0	0	17	17	16	1	0	0	0	0	0	1	0	0	0	1	0	10	8	7	1	0	1	0	0	0	0	0	0	1	0	0	39	38	38	0	0	0	0	0	0	0	0	0	0	0	0	2	2	2	0	0	0	0	0	0	0	0	0	0	0	0
38	seq105@1	productive	Homsap IGHV3-74*01 F	106	98	98	0	0	0	0	0	0	0	0	0	0	0	0	26	25	25	0	0	0	0	0	0	0	0	0	0	0	0	12	8	8	0	0	0	0	0	0	0	0	0	0	0	0	17	17	17	0	0	0	0	0	0	0	0	0	0	0	0	10	8	8	0	0	0	0	0	0	0	0	0	0	0	0	39	38	38	0	0	0	0	0	0	0	0	0	0	0	0	2	2	2	0	0	0	0	0	0	0	0	0	0	0	0
39	seq106@1	productive	Homsap IGHV3-74*01 F	106	98	97	1	0	0	0	0	1	0	0	0	0	1	0	26	25	24	1	0	0	0	0	1	0	0	0	0	1	0	12	8	8	0	0	0	0	0	0	0	0	0	0	0	0	17	17	17	0	0	0	0	0	0	0	0	0	0	0	0	10	8	8	0	0	0	0	0	0	0	0	0	0	0	0	39	38	38	0	0	0	0	0	0	0	0	0	0	0	0	2	2	2	0	0	0	0	0	0	0	0	0	0	0	0
40	seq108@1	productive	Homsap IGHV3-74*01 F	106	98	96	2	0	0	0	1	0	0	1	0	0	1	1	26	25	25	0	0	0	0	0	0	0	0	0	0	0	0	12	8	8	0	0	0	0	0	0	0	0	0	0	0	0	17	17	17	0	0	0	0	0	0	0	0	0	0	0	0	10	8	8	0	0	0	0	0	0	0	0	0	0	0	0	39	38	36	2	0	0	0	1	0	0	1	0	0	1	1	2	2	2	0	0	0	0	0	0	0	0	0	0	0	0
41	seq109@1	productive	Homsap IGHV3-74*01 F	106	98	97	1	0	1	0	0	0	0	0	0	1	0	0	26	25	25	0	0	0	0	0	0	0	0	0	0	0	0	12	8	8	0	0	0	0	0	0	0	0	0	0	0	0	17	17	17	0	0	0	0	0	0	0	0	0	0	0	0	10	8	8	0	0	0	0	0	0	0	0	0	0	0	0	39	38	37	1	0	1	0	0	0	0	0	0	1	0	0	2	2	2	0	0	0	0	0	0	0	0	0	0	0	0
42	seq112@1	productive	Homsap IGHV3-74*01 F	106	98	98	0	0	0	0	0	0	0	0	0	0	0	0	26	25	25	0	0	0	0	0	0	0	0	0	0	0	0	12	8	8	0	0	0	0	0	0	0	0	0	0	0	0	17	17	17	0	0	0	0	0	0	0	0	0	0	0	0	10	8	8	0	0	0	0	0	0	0	0	0	0	0	0	39	38	38	0	0	0	0	0	0	0	0	0	0	0	0	2	2	2	0	0	0	0	0	0	0	0	0	0	0	0
43	seq114@1	productive	Homsap IGHV3-74*01 F	106	98	96	2	0	0	0	1	0	0	1	0	0	1	1	26	25	24	1	0	0	0	1	0	0	0	0	0	1	0	12	8	7	1	0	0	0	0	0	0	1	0	0	0	1	17	17	17	0	0	0	0	0	0	0	0	0	0	0	0	10	8	8	0	0	0	0	0	0	0	0	0	0	0	0	39	38	38	0	0	0	0	0	0	0	0	0	0	0	0	2	2	2	0	0	0	0	0	0	0	0	0	0	0	0
44	seq116@1	productive	Homsap IGHV3-74*01 F	106	98	98	0	0	0	0	0	0	0	0	0	0	0	0	26	25	25	0	0	0	0	0	0	0	0	0	0	0	0	12	8	8	0	0	0	0	0	0	0	0	0	0	0	0	17	17	17	0	0	0	0	0	0	0	0	0	0	0	0	10	8	8	0	0	0	0	0	0	0	0	0	0	0	0	39	38	38	0	0	0	0	0	0	0	0	0	0	0	0	2	2	2	0	0	0	0	0	0	0	0	0	0	0	0
45	seq117@1	productive	Homsap IGHV3-74*01 F	106	98	95	3	0	0	0	2	0	0	1	0	0	2	1	26	25	23	2	0	0	0	1	0	0	1	0	0	1	1	12	8	8	0	0	0	0	0	0	0	0	0	0	0	0	17	17	16	1	0	0	0	1	0	0	0	0	0	1	0	10	8	8	0	0	0	0	0	0	0	0	0	0	0	0	39	38	38	0	0	0	0	0	0	0	0	0	0	0	0	2	2	2	0	0	0	0	0	0	0	0	0	0	0	0
46	seq121@1	productive	Homsap IGHV3-74*01 F	106	98	97	1	0	0	0	0	0	0	1	0	0	0	1	26	25	25	0	0	0	0	0	0	0	0	0	0	0	0	12	8	8	0	0	0	0	0	0	0	0	0	0	0	0	17	17	16	1	0	0	0	0	0	0	1	0	0	0	1	10	8	8	0	0	0	0	0	0	0	0	0	0	0	0	39	38	38	0	0	0	0	0	0	0	0	0	0	0	0	2	2	2	0	0	0	0	0	0	0	0	0	0	0	0
47	seq122@1	productive	Homsap IGHV3-74*01 F	106	98	97	1	0	0	0	0	0	0	1	0	0	0	1	26	25	24	1	0	0	0	0	0	0	1	0	0	0	1	12	8	8	0	0	0	0	0	0	0	0	0	0	0	0	17	17	17	0	0	0	0	0	0	0	0	0	0	0	0	10	8	8	0	0	0	0	0	0	0	0	0	0	0	0	39	38	38	0	0	0	0	0	0	0	0	0	0	0	0	2	2	2	0	0	0	0	0	0	0	0	0	0	0	0
